iter	LAI
0	5.3889
1	5.38127
2	5.37849
3	5.37096
4	5.3672
5	5.35925
6	5.35112
7	5.3456
8	5.33935
9	5.3315
10	5.32363
11	5.31555
12	5.30771
13	5.2998
14	5.29195
15	5.28604
16	5.27831
17	5.27043
18	5.26258
19	5.25657
20	5.26742
21	5.26033
22	5.27048
23	5.2685
24	5.26055
25	5.25276
26	5.24452
27	5.23651
28	5.22775
29	5.23667
30	5.22871
31	5.23464
32	5.23906
33	5.23122
34	5.22401
35	5.21675
36	5.20891
37	5.20142
38	5.19332
39	5.20335
40	5.2011
41	5.19362
42	5.18602
43	5.18695
44	5.18764
45	5.18273
46	5.17543
47	5.16634
48	5.15808
49	5.14985
50	5.14189
51	5.13417
52	5.12614
53	5.1338
54	5.12619
55	5.134
56	5.13264
57	5.12442
58	5.13294
59	5.13328
60	5.12505
61	5.11684
62	5.10897
63	5.11825
64	5.1143
65	5.10617
66	5.09816
67	5.10602
68	5.10093
69	5.09665
70	5.08885
71	5.07937
72	5.08493
73	5.09473
74	5.10098
75	5.10695
76	5.0984
77	5.09013
78	5.08157
79	5.08361
80	5.07637
81	5.0682
82	5.06897
83	5.06105
84	5.05633
85	5.04808
86	5.04633
87	5.05331
88	5.04494
89	5.03668
90	5.0441
91	5.0363
92	5.02807
93	5.03161
94	5.0238
95	5.03079
96	5.03415
97	5.02561
98	5.0178
99	5.0172
100	5.00906
101	5.00076
102	4.99404
103	4.9977
104	4.9897
105	4.99703
106	4.98887
107	4.98203
108	4.98532
109	4.97941
110	4.98572
111	4.97894
112	4.97571
113	4.96829
114	4.96015
115	4.95683
116	4.94844
117	4.94016
118	4.93202
119	4.93256
120	4.93881
121	4.93078
122	4.9231
123	4.9271
124	4.91887
125	4.9106
126	4.90252
127	4.90582
128	4.89875
129	4.89041
130	4.88224
131	4.87525
132	4.86698
133	4.85909
134	4.85073
135	4.84257
136	4.83507
137	4.8366
138	4.84393
139	4.83302
140	4.82515
141	4.81691
142	4.80892
143	4.80082
144	4.79419
145	4.79244
146	4.78459
147	4.78848
148	4.78144
149	4.77425
150	4.77769
151	4.77007
152	4.7747
153	4.77969
154	4.7768
155	4.78262
156	4.78269
157	4.77923
158	4.76816
159	4.77104
160	4.7639
161	4.7697
162	4.7754
163	4.76806
164	4.76511
165	4.76869
166	4.7609
167	4.76518
168	4.77071
169	4.76663
170	4.77275
171	4.77884
172	4.78457
173	4.78978
174	4.78555
175	4.77768
176	4.78396
177	4.77714
178	4.78173
179	4.78773
180	4.79403
181	4.79961
182	4.80697
183	4.81369
184	4.81975
185	4.82623
186	4.83238
187	4.83857
188	4.84121
189	4.83382
190	4.83222
191	4.83541
192	4.84111
193	4.84835
194	4.85516
195	4.86186
196	4.86908
197	4.87542
198	4.88201
199	4.88034
200	4.87261
201	4.87927
202	4.88164
203	4.88782
204	4.8938
205	4.89937
206	4.90365
207	4.89893
208	4.90504
209	4.91235
210	4.91946
211	4.92606
212	4.93235
213	4.93963
214	4.94574
215	4.95261
216	4.95916
217	4.95533
218	4.9579
219	4.96581
220	4.97256
221	4.97881
222	4.97913
223	4.98514
224	4.98991
225	4.99673
226	4.99968
227	4.99949
228	4.99108
229	4.99431
230	4.98819
231	4.99765
232	5.00702
233	5.01359
234	5.02064
235	5.02695
236	5.03292
237	5.0402
238	5.04746
239	5.05232
240	5.05978
241	5.06536
242	5.07163
243	5.07901
244	5.08573
245	5.09276
246	5.09889
247	5.1054
248	5.11149
249	5.11787
250	5.12437
251	5.1319
252	5.13886
253	5.14555
254	5.15171
255	5.1583
256	5.16497
257	5.17205
258	5.17973
259	5.18343
260	5.18998
261	5.19666
262	5.20457
263	5.21189
264	5.21726
265	5.2234
266	5.22721
267	5.21922
268	5.21215
269	5.21682
270	5.22545
271	5.2308
272	5.23379
273	5.23963
274	5.24664
275	5.25372
276	5.2585
277	5.25681
278	5.24902
279	5.24091
280	5.24917
281	5.25485
282	5.24808
283	5.24413
284	5.25269
285	5.26193
286	5.26965
287	5.27811
288	5.28464
289	5.28973
290	5.28619
291	5.29378
292	5.29987
293	5.30835
294	5.31508
295	5.32008
296	5.32634
297	5.33381
298	5.3418
299	5.34843
300	5.35462
301	5.36107
302	5.36564
303	5.3655
304	5.37155
305	5.36391
306	5.35813
307	5.36845
308	5.37692
309	5.38295
310	5.38096
311	5.37266
312	5.38297
313	5.38895
314	5.38916
315	5.38884
316	5.38066
317	5.37571
318	5.36774
319	5.37749
320	5.38726
321	5.39536
322	5.4018
323	5.40686
324	5.40975
325	5.41716
326	5.38727
327	5.38014
328	5.36945
329	5.38055
330	5.39011
331	5.39631
332	5.38889
333	5.39611
334	5.401
335	5.40597
336	5.40007
337	5.40104
338	5.40425
339	5.4018
340	5.39585
341	5.40474
342	5.40672
343	5.40572
344	5.39763
345	5.40146
346	5.40992
347	5.41707
348	5.41967
349	5.42384
350	5.42054
351	5.42746
352	5.42188
353	5.42177
354	5.41535
355	5.40628
356	5.39778
357	5.38924
358	5.38094
359	5.37276
360	5.37503
361	5.38221
362	5.37421
363	5.37905
364	5.37792
365	5.38078
366	5.37223
367	5.36386
368	5.35519
369	5.34567
370	5.35357
371	5.34672
372	5.33858
373	5.33085
374	5.32478
375	5.31747
376	5.32196
377	5.3136
378	5.30525
379	5.31169
380	5.30363
381	5.29628
382	5.28779
383	5.28026
384	5.27313
385	5.26486
386	5.26907
387	5.26125
388	5.26003
389	5.25565
390	5.24713
391	5.23891
392	5.24854
393	5.24989
394	5.2434
395	5.23602
396	5.22842
397	5.22042
398	5.2285
399	5.23625
400	5.22821
401	5.21991
402	5.21127
403	5.20275
404	5.19558
405	5.18699
406	5.19264
407	5.18617
408	5.18092
409	5.17235
410	5.16419
411	5.16067
412	5.15289
413	5.14461
414	5.13604
415	5.14384
416	5.13585
417	5.12859
418	5.12002
419	5.11313
420	5.12015
421	5.11386
422	5.10529
423	5.11101
424	5.11262
425	5.10808
426	5.11639
427	5.10803
428	5.09914
429	5.10332
430	5.09902
431	5.0967
432	5.08855
433	5.08
434	5.07942
435	5.077
436	5.06857
437	5.06046
438	5.06923
439	5.06935
440	5.06142
441	5.05315
442	5.04465
443	5.04897
444	5.04317
445	5.05069
446	5.04316
447	5.04301
448	5.0516
449	5.04334
450	5.03864
451	5.03037
452	5.02188
453	5.01472
454	5.01477
455	5.00691
456	4.99838
457	4.99002
458	4.98212
459	4.97497
460	4.98052
461	4.9718
462	4.9785
463	4.97111
464	4.96258
465	4.95955
466	4.95127
467	4.94295
468	4.9344
469	4.9256
470	4.91632
471	4.90888
472	4.90061
473	4.89651
474	4.89142
475	4.89543
476	4.887
477	4.87839
478	4.87069
479	4.86218
480	4.8535
481	4.84493
482	4.83655
483	4.82693
484	4.81865
485	4.81106
486	4.80329
487	4.80992
488	4.81736
489	4.82298
490	4.82799
491	4.82088
492	4.81387
493	4.80576
494	4.79781
495	4.80199
496	4.80217
497	4.7947
498	4.7963
499	4.80107
500	4.79511
501	4.80107
502	4.79293
503	4.78484
504	4.77667
505	4.76949
506	4.77472
507	4.77331
508	4.77904
509	4.77232
510	4.77631
511	4.78321
512	4.78857
513	4.79365
514	4.78617
515	4.79199
516	4.79651
517	4.789
518	4.78056
519	4.78516
520	4.79138
521	4.79738
522	4.80463
523	4.81135
524	4.81626
525	4.82148
526	4.82545
527	4.82303
528	4.82831
529	4.83353
530	4.8274
531	4.82066
532	4.82303
533	4.82744
534	4.83368
535	4.82608
536	4.82995
537	4.83046
538	4.83566
539	4.84175
540	4.83601
541	4.84197
542	4.83582
543	4.84262
544	4.84797
545	4.8384
546	4.84551
547	4.85169
548	4.85778
549	4.85401
550	4.86059
551	4.858
552	4.85357
553	4.85864
554	4.86485
555	4.87099
556	4.8764
557	4.86901
558	4.86264
559	4.85442
560	4.847
561	4.84842
562	4.84082
563	4.83583
564	4.82925
565	4.8347
566	4.82886
567	4.83609
568	4.84308
569	4.85069
570	4.84388
571	4.8508
572	4.85545
573	4.86298
574	4.86918
575	4.87505
576	4.88106
577	4.88717
578	4.89344
579	4.89957
580	4.90531
581	4.91372
582	4.92096
583	4.92815
584	4.93312
585	4.93863
586	4.9463
587	4.95354
588	4.96209
589	4.96922
590	4.97526
591	4.97332
592	4.97985
593	4.98172
594	4.9899
595	4.99726
596	5.00443
597	5.01264
598	5.02048
599	5.02641
600	5.03368
601	5.04216
602	5.05022
603	5.05705
604	5.06527
605	5.07461
606	5.08249
607	5.09024
608	5.09819
609	5.10487
610	5.11259
611	5.12111
612	5.12852
613	5.13583
614	5.12983
615	5.13776
616	5.14625
617	5.15331
618	5.16055
619	5.16669
620	5.1743
621	5.18177
622	5.18901
623	5.19474
624	5.20279
625	5.2107
626	5.21609
627	5.20783
628	5.21396
629	5.22055
630	5.22355
631	5.229
632	5.23714
633	5.2435
634	5.24934
635	5.24541
636	5.23754
637	5.23036
638	5.2403
639	5.23241
640	5.24025
641	5.25063
642	5.25857
643	5.26549
644	5.27379
645	5.28084
646	5.28831
647	5.29568
648	5.30448
649	5.31259
650	5.31935
651	5.32443
652	5.33273
653	5.3395
654	5.34568
655	5.35126
656	5.35762
657	5.36016
658	5.36493
659	5.37053
660	5.37656
661	5.38337
662	5.38924
663	5.3949
664	5.40172
665	5.40714
666	5.41119
667	5.40365
668	5.41366
669	5.4197
670	5.4267
671	5.42769
672	5.43294
673	5.43471
674	5.4399
675	5.44659
676	5.45357
677	5.45868
678	5.45917
679	5.45085
680	5.4565
681	5.46336
682	5.47049
683	5.47579
684	5.48219
685	5.47497
686	5.46902
687	5.46078
688	5.46381
689	5.45727
690	5.45605
691	5.46553
692	5.4727
693	5.47593
694	5.48408
695	5.491
696	5.49752
697	5.50204
698	5.5062
699	5.51241
700	5.51843
701	5.52323
702	5.52784
703	5.5321
704	5.53727
705	5.53957
706	5.54605
707	5.5514
708	5.54965
709	5.54638
710	5.54672
711	5.54872
712	5.54382
713	5.53933
714	5.53087
715	5.52235
716	5.51633
717	5.52472
718	5.52199
719	5.52333
720	5.52294
721	5.53109
722	5.53678
723	5.53843
724	5.53806
725	5.54078
726	5.54802
727	5.55536
728	5.55869
729	5.55866
730	5.55184
731	5.54388
732	5.53541
733	5.52688
734	5.51939
735	5.51117
736	5.51224
737	5.50454
738	5.49663
739	5.48871
740	5.48029
741	5.47249
742	5.46428
743	5.45625
744	5.44827
745	5.44037
746	5.43213
747	5.42314
748	5.42355
749	5.41481
750	5.40935
751	5.40115
752	5.40711
753	5.39865
754	5.39004
755	5.38145
756	5.37754
757	5.37519
758	5.37474
759	5.37783
760	5.36933
761	5.36075
762	5.35199
763	5.34371
764	5.33979
765	5.34474
766	5.33693
767	5.3355
768	5.33118
769	5.34034
770	5.35004
771	5.34241
772	5.34413
773	5.33718
774	5.34079
775	5.33224
776	5.32393
777	5.31619
778	5.30746
779	5.29867
780	5.29013
781	5.29385
782	5.28511
783	5.28252
784	5.27414
785	5.28352
786	5.27526
787	5.2665
788	5.25924
789	5.25018
790	5.25212
791	5.2435
792	5.23471
793	5.22591
794	5.21754
795	5.2089
796	5.21051
797	5.21733
798	5.22542
799	5.21701
800	5.20862
801	5.21501
802	5.20635
803	5.21546
804	5.22431
805	5.21633
806	5.20766
807	5.21472
808	5.22274
809	5.21887
810	5.22614
811	5.22663
812	5.21793
813	5.20941
814	5.2009
815	5.20824
816	5.19963
817	5.19077
818	5.18216
819	5.17545
820	5.16684
821	5.15793
822	5.14929
823	5.14066
824	5.14352
825	5.13849
826	5.13067
827	5.12201
828	5.11428
829	5.10545
830	5.09791
831	5.09857
832	5.10817
833	5.09969
834	5.09112
835	5.09917
836	5.09192
837	5.08337
838	5.07487
839	5.06152
840	5.0528
841	5.05344
842	5.04538
843	5.05237
844	5.0607
845	5.06712
846	5.07578
847	5.08
848	5.08503
849	5.08766
850	5.0867
851	5.07729
852	5.06788
853	5.05916
854	5.05081
855	5.04226
856	5.04833
857	5.04028
858	5.03154
859	5.0369
860	5.0315
861	5.02294
862	5.02953
863	5.03515
864	5.04127
865	5.03624
866	5.04353
867	5.04936
868	5.05241
869	5.05894
870	5.06591
871	5.06946
872	5.06471
873	5.06059
874	5.05229
875	5.04363
876	5.0353
877	5.04106
878	5.04773
879	5.05445
880	5.05129
881	5.05697
882	5.05027
883	5.04206
884	5.03354
885	5.02413
886	5.01581
887	5.00783
888	4.99972
889	4.99291
890	4.98857
891	4.98048
892	4.97762
893	4.96924
894	4.96046
895	4.96581
896	4.95767
897	4.95048
898	4.95465
899	4.956
900	4.94872
901	4.94075
902	4.93246
903	4.92403
904	4.91598
905	4.90797
906	4.89984
907	4.90512
908	4.91245
909	4.91575
910	4.90732
911	4.91353
912	4.90503
913	4.91022
914	4.91704
915	4.90986
916	4.91577
917	4.92183
918	4.91425
919	4.90882
920	4.91577
921	4.92225
922	4.92765
923	4.93292
924	4.93967
925	4.94599
926	4.95255
927	4.95767
928	4.95187
929	4.95809
930	4.96474
931	4.97187
932	4.97849
933	4.97316
934	4.98066
935	4.98744
936	4.98272
937	4.98896
938	4.99564
939	5.00189
940	5.00656
941	5.01342
942	5.02077
943	5.02738
944	5.03435
945	5.04094
946	5.04718
947	5.05464
948	5.06104
949	5.06772
950	5.07472
951	5.08139
952	5.08742
953	5.08128
954	5.08862
955	5.09389
956	5.10052
957	5.10812
958	5.11509
959	5.12005
960	5.12619
961	5.13235
962	5.13847
963	5.14435
964	5.14934
965	5.15561
966	5.15439
967	5.16155
968	5.16934
969	5.17645
970	5.18305
971	5.18994
972	5.19595
973	5.20047
974	5.20807
975	5.20941
976	5.21221
977	5.21673
978	5.21996
979	5.22358
980	5.21777
981	5.20971
982	5.21257
983	5.21455
984	5.22134
985	5.22624
986	5.23358
987	5.24125
988	5.24924
989	5.25453
990	5.26162
991	5.26203
992	5.26992
993	5.26248
994	5.27027
995	5.27494
996	5.2812
997	5.28798
998	5.2959
999	5.30369
1000	5.31061
1001	5.31559
1002	5.32365
1003	5.33065
1004	5.33635
1005	5.3435
1006	5.35025
1007	5.35612
1008	5.3628
1009	5.36884
1010	5.37412
1011	5.37975
1012	5.38417
1013	5.36847
1014	5.37652
1015	5.3808
1016	5.38292
1017	5.38762
1018	5.39239
1019	5.39784
1020	5.40336
1021	5.40899
1022	5.41419
1023	5.41941
1024	5.42538
1025	5.4307
1026	5.4341
1027	5.43904
1028	5.44187
1029	5.43487
1030	5.44423
1031	5.44938
1032	5.45622
1033	5.46175
1034	5.46399
1035	5.45725
1036	5.46625
1037	5.47295
1038	5.4784
1039	5.48426
1040	5.49101
1041	5.49758
1042	5.49215
1043	5.49312
1044	5.49575
1045	5.50092
1046	5.50771
1047	5.51367
1048	5.51899
1049	5.52394
1050	5.52972
1051	5.53367
1052	5.53914
1053	5.54349
1054	5.54664
1055	5.55105
1056	5.55527
1057	5.55622
1058	5.56211
1059	5.56569
1060	5.56726
1061	5.57046
1062	5.57028
1063	5.56302
1064	5.56833
1065	5.57501
1066	5.57849
1067	5.58326
1068	5.57736
1069	5.57049
1070	5.5701
1071	5.57072
1072	5.55121
1073	5.54859
1074	5.55429
1075	5.5595
1076	5.56418
1077	5.56137
1078	5.55942
1079	5.56437
1080	5.56476
1081	5.56294
1082	5.55467
1083	5.54307
1084	5.54423
1085	5.54974
1086	5.54969
1087	5.55443
1088	5.55126
1089	5.54174
1090	5.54567
1091	5.54699
1092	5.5406
1093	5.54815
1094	5.55213
1095	5.55237
1096	5.54699
1097	5.54069
1098	5.53347
1099	5.5259
1100	5.51854
1101	5.51129
1102	5.50411
1103	5.49666
1104	5.50588
1105	5.49855
1106	5.4916
1107	5.49548
1108	5.48645
1109	5.47975
1110	5.47273
1111	5.46535
1112	5.45733
1113	5.46735
1114	5.46144
1115	5.45371
1116	5.44619
1117	5.45105
1118	5.45781
1119	5.45766
1120	5.46631
1121	5.46038
1122	5.46573
1123	5.46977
1124	5.4768
1125	5.47333
1126	5.48099
1127	5.48263
1128	5.49155
1129	5.48781
1130	5.49459
1131	5.4985
1132	5.49106
1133	5.4976
1134	5.49023
1135	5.48254
1136	5.47472
1137	5.46684
1138	5.45908
1139	5.46068
1140	5.45502
1141	5.44814
1142	5.45778
1143	5.45097
1144	5.44348
1145	5.44417
1146	5.43649
1147	5.43688
1148	5.44203
1149	5.4497
1150	5.45604
1151	5.44865
1152	5.44758
1153	5.44639
1154	5.45326
1155	5.44534
1156	5.44465
1157	5.43675
1158	5.42872
1159	5.43564
1160	5.42774
1161	5.4211
1162	5.42889
1163	5.42319
1164	5.41526
1165	5.40724
1166	5.41421
1167	5.40676
1168	5.39918
1169	5.39317
1170	5.38687
1171	5.39521
1172	5.39015
1173	5.38441
1174	5.3809
1175	5.37289
1176	5.36471
1177	5.35658
1178	5.34883
1179	5.3567
1180	5.34906
1181	5.35577
1182	5.3489
1183	5.35523
1184	5.36048
1185	5.35235
1186	5.34528
1187	5.3459
1188	5.33811
1189	5.32822
1190	5.31999
1191	5.31179
1192	5.30331
1193	5.31159
1194	5.30404
1195	5.29567
1196	5.30301
1197	5.31094
1198	5.31807
1199	5.31021
1200	5.302
1201	5.29444
1202	5.30255
1203	5.30806
1204	5.30772
1205	5.29989
1206	5.29183
1207	5.28256
1208	5.27459
1209	5.26618
1210	5.266
1211	5.26143
1212	5.25339
1213	5.24803
1214	5.25574
1215	5.24907
1216	5.24685
1217	5.24045
1218	5.2326
1219	5.22938
1220	5.22191
1221	5.22917
1222	5.22129
1223	5.2135
1224	5.20557
1225	5.19766
1226	5.20335
1227	5.1951
1228	5.18723
1229	5.19188
1230	5.19851
1231	5.19856
1232	5.19024
1233	5.18201
1234	5.17384
1235	5.16571
1236	5.17079
1237	5.16465
1238	5.15758
1239	5.14928
1240	5.13971
1241	5.13187
1242	5.13346
1243	5.12604
1244	5.11888
1245	5.1124
1246	5.10724
1247	5.0997
1248	5.09179
1249	5.08445
1250	5.07625
1251	5.06924
1252	5.06125
1253	5.05353
1254	5.04838
1255	5.04568
1256	5.04764
1257	5.05476
1258	5.05943
1259	5.0615
1260	5.05332
1261	5.04549
1262	5.04016
1263	5.03366
1264	5.04134
1265	5.04898
1266	5.0551
1267	5.048
1268	5.05129
1269	5.05328
1270	5.04497
1271	5.03702
1272	5.03982
1273	5.03235
1274	5.03442
1275	5.04162
1276	5.04906
1277	5.05621
1278	5.06285
1279	5.05511
1280	5.05906
1281	5.06747
1282	5.07597
1283	5.08371
1284	5.09066
1285	5.0945
1286	5.10224
1287	5.10749
1288	5.10861
1289	5.11365
1290	5.11937
1291	5.12627
1292	5.1324
1293	5.13834
1294	5.14426
1295	5.15064
1296	5.15771
1297	5.16213
1298	5.16739
1299	5.17356
1300	5.17956
1301	5.18452
1302	5.18437
1303	5.17574
1304	5.17982
1305	5.18726
1306	5.19166
1307	5.19717
1308	5.20128
1309	5.2075
1310	5.21353
1311	5.21805
1312	5.22369
1313	5.22956
1314	5.23555
1315	5.24141
1316	5.24626
1317	5.25208
1318	5.25278
1319	5.25851
1320	5.26363
1321	5.26882
1322	5.27444
1323	5.28014
1324	5.28503
1325	5.29018
1326	5.29372
1327	5.29961
1328	5.30309
1329	5.30651
1330	5.31194
1331	5.31689
1332	5.32204
1333	5.32668
1334	5.33191
1335	5.33591
1336	5.33998
1337	5.34443
1338	5.34799
1339	5.35145
1340	5.35676
1341	5.36166
1342	5.36676
1343	5.36835
1344	5.37333
1345	5.37931
1346	5.3829
1347	5.36931
1348	5.37441
1349	5.37834
1350	5.38306
1351	5.38757
1352	5.39195
1353	5.39619
1354	5.39969
1355	5.40291
1356	5.40398
1357	5.40778
1358	5.41111
1359	5.41503
1360	5.41893
1361	5.42237
1362	5.42685
1363	5.43099
1364	5.43553
1365	5.43946
1366	5.44222
1367	5.44693
1368	5.45029
1369	5.45619
1370	5.46201
1371	5.46494
1372	5.46603
1373	5.47079
1374	5.47395
1375	5.4795
1376	5.48393
1377	5.48735
1378	5.49171
1379	5.4967
1380	5.49937
1381	5.50292
1382	5.50647
1383	5.50962
1384	5.51232
1385	5.51713
1386	5.51775
1387	5.50917
1388	5.51585
1389	5.52164
1390	5.51313
1391	5.51888
1392	5.52343
1393	5.52992
1394	5.53321
1395	5.53825
1396	5.54436
1397	5.54865
1398	5.55326
1399	5.55481
1400	5.55818
1401	5.56292
1402	5.55617
1403	5.56307
1404	5.56704
1405	5.56978
1406	5.56999
1407	5.56321
1408	5.55584
1409	5.55922
1410	5.56235
1411	5.56884
1412	5.57235
1413	5.57761
1414	5.58399
1415	5.58975
1416	5.59386
1417	5.59339
1418	5.59779
1419	5.60377
1420	5.60836
1421	5.61369
1422	5.61956
1423	5.62374
1424	5.62622
1425	5.62998
1426	5.63467
1427	5.63952
1428	5.64145
1429	5.64537
1430	5.6497
1431	5.64956
1432	5.64288
1433	5.6421
1434	5.64515
1435	5.64927
1436	5.64286
1437	5.63627
1438	5.62924
1439	5.62224
1440	5.61591
1441	5.61348
1442	5.61377
1443	5.61491
1444	5.61386
1445	5.61701
1446	5.61287
1447	5.60401
1448	5.59723
1449	5.59147
1450	5.58548
1451	5.57974
1452	5.5893
1453	5.59592
1454	5.60125
1455	5.60379
1456	5.59955
1457	5.60284
1458	5.60974
1459	5.60396
1460	5.59684
1461	5.59309
1462	5.5862
1463	5.58892
1464	5.59162
1465	5.59817
1466	5.60398
1467	5.6056
1468	5.60962
1469	5.61555
1470	5.62025
1471	5.61661
1472	5.61999
1473	5.61886
1474	5.61726
1475	5.62315
1476	5.62809
1477	5.63091
1478	5.63082
1479	5.63432
1480	5.6372
1481	5.63848
1482	5.63948
1483	5.64454
1484	5.63872
1485	5.63146
1486	5.62405
1487	5.61693
1488	5.61635
1489	5.61367
1490	5.61594
1491	5.60966
1492	5.60279
1493	5.59596
1494	5.58858
1495	5.57786
1496	5.58653
1497	5.5792
1498	5.57632
1499	5.5755
1500	5.56814
1501	5.56213
1502	5.55746
1503	5.54999
1504	5.54262
1505	5.53553
1506	5.53668
1507	5.5293
1508	5.52217
1509	5.51506
1510	5.51064
1511	5.50454
1512	5.49988
1513	5.49286
1514	5.48554
1515	5.47824
1516	5.47167
1517	5.46461
1518	5.45701
1519	5.44969
1520	5.4455
1521	5.43858
1522	5.431
1523	5.424
1524	5.41657
1525	5.40882
1526	5.40116
1527	5.39364
1528	5.40272
1529	5.39738
1530	5.40554
1531	5.41233
1532	5.41779
1533	5.40967
1534	5.40183
1535	5.39397
1536	5.38633
1537	5.37975
1538	5.38048
1539	5.38639
1540	5.38554
1541	5.37748
1542	5.38783
1543	5.39371
1544	5.38571
1545	5.37768
1546	5.37466
1547	5.37006
1548	5.37493
1549	5.36757
1550	5.35962
1551	5.33792
1552	5.3303
1553	5.32218
1554	5.31433
1555	5.30816
1556	5.30558
1557	5.31284
1558	5.3224
1559	5.33011
1560	5.32721
1561	5.3213
1562	5.31305
1563	5.30492
1564	5.29685
1565	5.28853
1566	5.28039
1567	5.27357
1568	5.28074
1569	5.28855
1570	5.29327
1571	5.28819
1572	5.28259
1573	5.27524
1574	5.26716
1575	5.26003
1576	5.2514
1577	5.24418
1578	5.23679
1579	5.22867
1580	5.22305
1581	5.216
1582	5.20783
1583	5.21493
1584	5.20728
1585	5.19998
1586	5.19012
1587	5.19691
1588	5.20078
1589	5.20673
1590	5.19955
1591	5.19195
1592	5.19281
1593	5.19852
1594	5.20223
1595	5.19276
1596	5.1947
1597	5.18662
1598	5.18973
1599	5.19628
1600	5.18861
1601	5.18484
1602	5.18855
1603	5.18302
1604	5.17994
1605	5.18685
1606	5.18217
1607	5.17402
1608	5.17225
1609	5.16981
1610	5.162
1611	5.15482
1612	5.14759
1613	5.13982
1614	5.13491
1615	5.12716
1616	5.12945
1617	5.12237
1618	5.11544
1619	5.10861
1620	5.10074
1621	5.10244
1622	5.10191
1623	5.10839
1624	5.10114
1625	5.09313
1626	5.09997
1627	5.09216
1628	5.08495
1629	5.09242
1630	5.09898
1631	5.09254
1632	5.08635
1633	5.08864
1634	5.0809
1635	5.07315
1636	5.06804
1637	5.07636
1638	5.08119
1639	5.07596
1640	5.07877
1641	5.08673
1642	5.09389
1643	5.08629
1644	5.08382
1645	5.08719
1646	5.09393
1647	5.09602
1648	5.1038
1649	5.11122
1650	5.11779
1651	5.12451
1652	5.13089
1653	5.13622
1654	5.13625
1655	5.1383
1656	5.14312
1657	5.14894
1658	5.15461
1659	5.15824
1660	5.16483
1661	5.16975
1662	5.17129
1663	5.17717
1664	5.18198
1665	5.18615
1666	5.19185
1667	5.19509
1668	5.18655
1669	5.1788
1670	5.18163
1671	5.18566
1672	5.19217
1673	5.19708
1674	5.196
1675	5.20164
1676	5.20619
1677	5.20933
1678	5.21451
1679	5.21958
1680	5.22523
1681	5.23075
1682	5.23508
1683	5.22548
1684	5.22275
1685	5.22727
1686	5.23336
1687	5.23653
1688	5.23679
1689	5.22907
1690	5.2247
1691	5.2207
1692	5.22402
1693	5.23192
1694	5.23926
1695	5.24578
1696	5.25209
1697	5.25761
1698	5.26187
1699	5.26612
1700	5.26066
1701	5.26476
1702	5.26848
1703	5.26406
1704	5.26778
1705	5.27404
1706	5.28013
1707	5.28502
1708	5.29069
1709	5.29795
1710	5.30417
1711	5.30994
1712	5.3158
1713	5.3214
1714	5.3269
1715	5.32286
1716	5.32994
1717	5.33253
1718	5.33969
1719	5.33959
1720	5.33254
1721	5.33925
1722	5.33464
1723	5.34126
1724	5.34745
1725	5.35496
1726	5.3573
1727	5.36345
1728	5.3689
1729	5.37309
1730	5.37953
1731	5.38475
1732	5.39071
1733	5.39688
1734	5.40371
1735	5.40516
1736	5.39948
1737	5.39602
1738	5.39757
1739	5.40409
1740	5.41068
1741	5.41663
1742	5.42144
1743	5.4229
1744	5.42821
1745	5.43337
1746	5.437
1747	5.43616
1748	5.42793
1749	5.42936
1750	5.42022
1751	5.41349
1752	5.42417
1753	5.43291
1754	5.43982
1755	5.4474
1756	5.45273
1757	5.45863
1758	5.46512
1759	5.47097
1760	5.47196
1761	5.47819
1762	5.47804
1763	5.4836
1764	5.47713
1765	5.48401
1766	5.48294
1767	5.48436
1768	5.47603
1769	5.46787
1770	5.47736
1771	5.4851
1772	5.49169
1773	5.48455
1774	5.48181
1775	5.48971
1776	5.49673
1777	5.50131
1778	5.50457
1779	5.51175
1780	5.51844
1781	5.51519
1782	5.51421
1783	5.51061
1784	5.50238
1785	5.49483
1786	5.50087
1787	5.50641
1788	5.4991
1789	5.49094
1790	5.49992
1791	5.50696
1792	5.51178
1793	5.51878
1794	5.52445
1795	5.52951
1796	5.5265
1797	5.53059
1798	5.53258
1799	5.53883
1800	5.54425
1801	5.54477
1802	5.55104
1803	5.55676
1804	5.55396
1805	5.55866
1806	5.56142
1807	5.55721
1808	5.54881
1809	5.54064
1810	5.54297
1811	5.54904
1812	5.55311
1813	5.55672
1814	5.56081
1815	5.56464
1816	5.57114
1817	5.57191
1818	5.57204
1819	5.57878
1820	5.57403
1821	5.56599
1822	5.55739
1823	5.56346
1824	5.56793
1825	5.5602
1826	5.55161
1827	5.5431
1828	5.53562
1829	5.53246
1830	5.52413
1831	5.51609
1832	5.50759
1833	5.50008
1834	5.4914
1835	5.48806
1836	5.47977
1837	5.47196
1838	5.46309
1839	5.45489
1840	5.45749
1841	5.44971
1842	5.44108
1843	5.43365
1844	5.44176
1845	5.43343
1846	5.44111
1847	5.43307
1848	5.42475
1849	5.41647
1850	5.42664
1851	5.4209
1852	5.42081
1853	5.41224
1854	5.40335
1855	5.39488
1856	5.40208
1857	5.40111
1858	5.40271
1859	5.39859
1860	5.38989
1861	5.3818
1862	5.37397
1863	5.36535
1864	5.35658
1865	5.34844
1866	5.35791
1867	5.34925
1868	5.34049
1869	5.33233
1870	5.32358
1871	5.31473
1872	5.30649
1873	5.30429
1874	5.29571
1875	5.28693
1876	5.27819
1877	5.27015
1878	5.26143
1879	5.25262
1880	5.25341
1881	5.24449
1882	5.23601
1883	5.24367
1884	5.25136
1885	5.25301
1886	5.24414
1887	5.2506
1888	5.24868
1889	5.24026
1890	5.22223
1891	5.21387
1892	5.20523
1893	5.19658
1894	5.20248
1895	5.2083
1896	5.19995
1897	5.20591
1898	5.20399
1899	5.204
1900	5.19519
1901	5.18632
1902	5.17794
1903	5.17084
1904	5.17479
1905	5.18145
1906	5.17302
1907	5.16432
1908	5.15576
1909	5.14683
1910	5.13823
1911	5.12945
1912	5.12052
1913	5.11132
1914	5.10739
1915	5.10216
1916	5.10814
1917	5.11334
1918	5.12074
1919	5.11248
1920	5.10498
1921	5.10805
1922	5.10057
1923	5.10803
1924	5.11524
1925	5.10648
1926	5.09764
1927	5.08892
1928	5.08035
1929	5.08538
1930	5.07664
1931	5.08205
1932	5.07717
1933	5.06922
1934	5.06055
1935	5.05189
1936	5.05506
1937	5.04625
1938	5.03754
1939	5.02858
1940	5.01983
1941	5.0111
1942	5.01725
1943	5.0253
1944	5.01654
1945	5.02218
1946	5.0271
1947	5.03254
1948	5.02466
1949	5.03045
1950	5.02409
1951	5.01541
1952	5.00668
1953	4.99804
1954	4.98538
1955	4.97703
1956	4.98165
1957	4.98621
1958	4.99208
1959	4.9969
1960	5.003
1961	4.996
1962	4.98756
1963	4.97925
1964	4.97135
1965	4.97562
1966	4.97953
1967	4.97142
1968	4.9629
1969	4.96892
1970	4.97473
1971	4.98064
1972	4.98339
1973	4.97487
1974	4.96664
1975	4.95756
1976	4.95192
1977	4.94877
1978	4.95299
1979	4.94444
1980	4.94572
1981	4.93906
1982	4.93287
1983	4.92501
1984	4.90996
1985	4.9161
1986	4.92156
1987	4.92727
1988	4.93295
1989	4.93831
1990	4.94053
1991	4.94508
1992	4.93671
1993	4.92861
1994	4.921
1995	4.91399
1996	4.91091
1997	4.91719
1998	4.9237
1999	4.93
2000	4.93421
2001	4.93893
2002	4.94037
2003	4.93519
2004	4.92736
2005	4.93391
2006	4.92975
2007	4.93609
2008	4.92818
2009	4.9307
2010	4.92541
2011	4.91748
2012	4.92475
2013	4.93074
2014	4.9366
2015	4.94267
2016	4.94923
2017	4.95621
2018	4.96219
2019	4.9674
2020	4.9723
2021	4.98043
2022	4.97881
2023	4.98025
2024	4.9717
2025	4.96444
2026	4.95617
2027	4.95927
2028	4.95389
2029	4.95925
2030	4.96562
2031	4.97274
2032	4.98093
2033	4.98797
2034	4.995
2035	5.00025
2036	5.00756
2037	5.01458
2038	5.02243
2039	5.03042
2040	5.03598
2041	5.04263
2042	5.04829
2043	5.05504
2044	5.06098
2045	5.05251
2046	5.04863
2047	5.04266
2048	5.03435
2049	5.02761
2050	5.03403
2051	5.04081
2052	5.0474
2053	5.04094
2054	5.04801
2055	5.05464
2056	5.06256
2057	5.07048
2058	5.07789
2059	5.08457
2060	5.09137
2061	5.09884
2062	5.10621
2063	5.11168
2064	5.11699
2065	5.12409
2066	5.13005
2067	5.13653
2068	5.14261
2069	5.13567
2070	5.14236
2071	5.14962
2072	5.1563
2073	5.15433
2074	5.16037
2075	5.16483
2076	5.17043
2077	5.17579
2078	5.17349
2079	5.17426
2080	5.16949
2081	5.17837
2082	5.1846
2083	5.19127
2084	5.19836
2085	5.20504
2086	5.21291
2087	5.21926
2088	5.22415
2089	5.23064
2090	5.23684
2091	5.24354
2092	5.2511
2093	5.25674
2094	5.26193
2095	5.26775
2096	5.2748
2097	5.28155
2098	5.28652
2099	5.29142
2100	5.29688
2101	5.29039
2102	5.28551
2103	5.29501
2104	5.30163
2105	5.29512
2106	5.30338
2107	5.30983
2108	5.31786
2109	5.32335
2110	5.32987
2111	5.33723
2112	5.34333
2113	5.34969
2114	5.35606
2115	5.36001
2116	5.36415
2117	5.37152
2118	5.37704
2119	5.38272
2120	5.3847
2121	5.39161
2122	5.39788
2123	5.39707
2124	5.38904
2125	5.38191
2126	5.39232
2127	5.40024
2128	5.39307
2129	5.40086
2130	5.40671
2131	5.41352
2132	5.41915
2133	5.42445
2134	5.43103
2135	5.43716
2136	5.44155
2137	5.44494
2138	5.44909
2139	5.4514
2140	5.45475
2141	5.46106
2142	5.46592
2143	5.47219
2144	5.47562
2145	5.47755
2146	5.48373
2147	5.48916
2148	5.49359
2149	5.49852
2150	5.50255
2151	5.50083
2152	5.50274
2153	5.50432
2154	5.50885
2155	5.50564
2156	5.51073
2157	5.51468
2158	5.51953
2159	5.5243
2160	5.52613
2161	5.52573
2162	5.52326
2163	5.52766
2164	5.52819
2165	5.53257
2166	5.53299
2167	5.53605
2168	5.53894
2169	5.5391
2170	5.5317
2171	5.54038
2172	5.54444
2173	5.54864
2174	5.55194
2175	5.55025
2176	5.55481
2177	5.54764
2178	5.53801
2179	5.54258
2180	5.54941
2181	5.54202
2182	5.53484
2183	5.52008
2184	5.52224
2185	5.5296
2186	5.52252
2187	5.51982
2188	5.52639
2189	5.53088
2190	5.52867
2191	5.5228
2192	5.51761
2193	5.52096
2194	5.52803
2195	5.53536
2196	5.53818
2197	5.53719
2198	5.53792
2199	5.53393
2200	5.53572
2201	5.54255
2202	5.54863
2203	5.55333
2204	5.54605
2205	5.53949
2206	5.53682
2207	5.53953
2208	5.53199
2209	5.53747
2210	5.53091
2211	5.52331
2212	5.51587
2213	5.51278
2214	5.50468
2215	5.49793
2216	5.4903
2217	5.48593
2218	5.48682
2219	5.47919
2220	5.47151
2221	5.46398
2222	5.45711
2223	5.44951
2224	5.44195
2225	5.43308
2226	5.426
2227	5.43671
2228	5.43692
2229	5.42941
2230	5.42202
2231	5.41434
2232	5.40675
2233	5.3989
2234	5.39092
2235	5.38298
2236	5.37536
2237	5.36678
2238	5.359
2239	5.35835
2240	5.36086
2241	5.35298
2242	5.34518
2243	5.33737
2244	5.32945
2245	5.32175
2246	5.3145
2247	5.3082
2248	5.30041
2249	5.29287
2250	5.28497
2251	5.27708
2252	5.28587
2253	5.27874
2254	5.27082
2255	5.26368
2256	5.26145
2257	5.25442
2258	5.24708
2259	5.23931
2260	5.2463
2261	5.23813
2262	5.2302
2263	5.22217
2264	5.21414
2265	5.20661
2266	5.19793
2267	5.20421
2268	5.19615
2269	5.20599
2270	5.21133
2271	5.20337
2272	5.19531
2273	5.18787
2274	5.19621
2275	5.19601
2276	5.20141
2277	5.19283
2278	5.19966
2279	5.19153
2280	5.18333
2281	5.17622
2282	5.17233
2283	5.17938
2284	5.1856
2285	5.17979
2286	5.17188
2287	5.16434
2288	5.15788
2289	5.15353
2290	5.16037
2291	5.16169
2292	5.15358
2293	5.15145
2294	5.15415
2295	5.1517
2296	5.14506
2297	5.13682
2298	5.12939
2299	5.13161
2300	5.12568
2301	5.13087
2302	5.12309
2303	5.11486
2304	5.1067
2305	5.11377
2306	5.10558
2307	5.09827
2308	5.08999
2309	5.08082
2310	5.08296
2311	5.07488
2312	5.07855
2313	5.07039
2314	5.06244
2315	5.05415
2316	5.04607
2317	5.04933
2318	5.05539
2319	5.04802
2320	5.04993
2321	5.05721
2322	5.06437
2323	5.0646
2324	5.0714
2325	5.06381
2326	5.05628
2327	5.05913
2328	5.05778
2329	5.05321
2330	5.04495
2331	5.03651
2332	5.02815
2333	5.02261
2334	5.0261
2335	5.01811
2336	5.00994
2337	5.00337
2338	5.0058
2339	5.00895
2340	5.00079
2341	5.00593
2342	5.00031
2343	4.99276
2344	4.99924
2345	5.00258
2346	5.00888
2347	5.01506
2348	5.01211
2349	5.0145
2350	5.02059
2351	5.02342
2352	5.03024
2353	5.03691
2354	5.04417
2355	5.04904
2356	5.05493
2357	5.055
2358	5.06111
2359	5.0672
2360	5.07258
2361	5.0745
2362	5.08147
2363	5.0872
2364	5.08005
2365	5.07251
2366	5.07762
2367	5.07244
2368	5.06492
2369	5.07246
2370	5.07746
2371	5.08373
2372	5.08875
2373	5.08039
2374	5.08575
2375	5.09102
2376	5.08471
2377	5.07776
2378	5.07297
2379	5.07647
2380	5.0689
2381	5.06063
2382	5.05226
2383	5.05408
2384	5.06082
2385	5.05979
2386	5.0672
2387	5.07461
2388	5.08042
2389	5.08725
2390	5.09334
2391	5.09995
2392	5.1048
2393	5.10839
2394	5.10854
2395	5.11591
2396	5.12193
2397	5.12819
2398	5.13232
2399	5.13829
2400	5.14366
2401	5.14916
2402	5.15489
2403	5.1602
2404	5.16507
2405	5.17064
2406	5.17528
2407	5.17974
2408	5.18405
2409	5.18772
2410	5.1902
2411	5.19348
2412	5.19759
2413	5.19751
2414	5.19021
2415	5.19755
2416	5.19969
2417	5.20446
2418	5.19812
2419	5.20481
2420	5.1977
2421	5.20524
2422	5.21195
2423	5.21682
2424	5.22022
2425	5.22606
2426	5.23276
2427	5.23706
2428	5.24293
2429	5.24924
2430	5.25431
2431	5.26018
2432	5.26747
2433	5.27197
2434	5.27615
2435	5.28186
2436	5.28702
2437	5.2913
2438	5.29476
2439	5.29789
2440	5.30289
2441	5.30782
2442	5.31294
2443	5.3188
2444	5.32331
2445	5.32815
2446	5.33244
2447	5.33648
2448	5.34266
2449	5.34962
2450	5.35405
2451	5.35984
2452	5.36421
2453	5.36877
2454	5.37261
2455	5.37785
2456	5.38333
2457	5.38721
2458	5.39104
2459	5.39468
2460	5.39915
2461	5.40423
2462	5.4071
2463	5.41305
2464	5.4183
2465	5.42128
2466	5.42619
2467	5.4297
2468	5.43528
2469	5.43913
2470	5.4436
2471	5.44813
2472	5.45388
2473	5.45764
2474	5.44997
2475	5.45375
2476	5.46094
2477	5.46724
2478	5.46913
2479	5.47421
2480	5.47944
2481	5.48472
2482	5.49048
2483	5.49586
2484	5.5001
2485	5.50321
2486	5.50769
2487	5.51163
2488	5.51568
2489	5.52003
2490	5.52615
2491	5.53056
2492	5.53427
2493	5.54005
2494	5.53901
2495	5.54421
2496	5.5432
2497	5.5486
2498	5.55173
2499	5.54799
2500	5.54118
2501	5.55012
2502	5.55575
2503	5.56064
2504	5.5626
2505	5.5668
2506	5.5697
2507	5.56656
2508	5.56372
2509	5.56144
2510	5.55344
2511	5.56153
2512	5.56661
2513	5.56817
2514	5.57195
2515	5.57187
2516	5.57252
2517	5.56953
2518	5.57334
2519	5.57538
2520	5.57097
2521	5.56367
2522	5.56759
2523	5.57085
2524	5.56934
2525	5.56446
2526	5.56113
2527	5.55739
2528	5.55084
2529	5.54354
2530	5.53651
2531	5.52791
2532	5.52058
2533	5.5137
2534	5.51037
2535	5.50345
2536	5.49591
2537	5.49339
2538	5.48664
2539	5.4804
2540	5.49031
2541	5.48365
2542	5.4761
2543	5.47035
2544	5.46282
2545	5.45522
2546	5.44992
2547	5.44231
2548	5.43467
2549	5.42789
2550	5.4209
2551	5.4132
2552	5.40571
2553	5.39812
2554	5.40102
2555	5.40752
2556	5.40907
2557	5.40445
2558	5.39661
2559	5.38887
2560	5.38115
2561	5.39065
2562	5.38297
2563	5.37523
2564	5.3672
2565	5.35978
2566	5.36286
2567	5.35499
2568	5.35533
2569	5.3483
2570	5.3547
2571	5.35483
2572	5.34682
2573	5.33986
2574	5.332
2575	5.33243
2576	5.32608
2577	5.31932
2578	5.31406
2579	5.32263
2580	5.327
2581	5.31956
2582	5.31257
2583	5.30451
2584	5.297
2585	5.29083
2586	5.28192
2587	5.2871
2588	5.29251
2589	5.28556
2590	5.28105
2591	5.27303
2592	5.26477
2593	5.25763
2594	5.24958
2595	5.24734
2596	5.25768
2597	5.26379
2598	5.25612
2599	5.24894
2600	5.24124
2601	5.23319
2602	5.22505
2603	5.21686
2604	5.22416
2605	5.22327
2606	5.21699
2607	5.2093
2608	5.20172
2609	5.19481
2610	5.20504
2611	5.21394
2612	5.20611
2613	5.19852
2614	5.19043
2615	5.18219
2616	5.17543
2617	5.18472
2618	5.17657
2619	5.16953
2620	5.17601
2621	5.17726
2622	5.1758
2623	5.16764
2624	5.16013
2625	5.13816
2626	5.13057
2627	5.13656
2628	5.12991
2629	5.13661
2630	5.14204
2631	5.13413
2632	5.12624
2633	5.13272
2634	5.1383
2635	5.13106
2636	5.12557
2637	5.11942
2638	5.11093
2639	5.10295
2640	5.09531
2641	5.10034
2642	5.0922
2643	5.084
2644	5.07587
2645	5.07675
2646	5.07965
2647	5.09029
2648	5.08465
2649	5.09093
2650	5.08352
2651	5.07575
2652	5.06788
2653	5.06055
2654	5.05705
2655	5.04951
2656	5.04126
2657	5.04808
2658	5.0571
2659	5.05825
2660	5.06082
2661	5.05253
2662	5.04461
2663	5.05336
2664	5.04511
2665	5.03673
2666	5.04304
2667	5.04036
2668	5.04174
2669	5.03464
2670	5.02634
2671	5.01841
2672	5.01035
2673	5.00209
2674	4.99408
2675	5.00232
2676	5.00672
2677	4.99862
2678	4.99042
2679	4.98265
2680	4.97458
2681	4.96637
2682	4.95806
2683	4.96411
2684	4.95614
2685	4.94804
2686	4.93969
2687	4.93503
2688	4.93783
2689	4.92964
2690	4.93621
2691	4.92591
2692	4.91756
2693	4.90931
2694	4.90136
2695	4.89808
2696	4.90119
2697	4.90456
2698	4.89677
2699	4.89609
2700	4.88799
2701	4.88327
2702	4.87575
2703	4.8682
2704	4.86096
2705	4.86733
2706	4.86233
2707	4.86815
2708	4.87591
2709	4.87656
2710	4.883
2711	4.89046
2712	4.88795
2713	4.88751
2714	4.88191
2715	4.87617
2716	4.8782
2717	4.87149
2718	4.87784
2719	4.8834
2720	4.87588
2721	4.86941
2722	4.87501
2723	4.86691
2724	4.85912
2725	4.85409
2726	4.86173
2727	4.8695
2728	4.8768
2729	4.88335
2730	4.88752
2731	4.89332
2732	4.90004
2733	4.90532
2734	4.91104
2735	4.90403
2736	4.90416
2737	4.89924
2738	4.89499
2739	4.8869
2740	4.88037
2741	4.87988
2742	4.8863
2743	4.8943
2744	4.88839
2745	4.89502
2746	4.89896
2747	4.90525
2748	4.91065
2749	4.91556
2750	4.92137
2751	4.9263
2752	4.93281
2753	4.93856
2754	4.93903
2755	4.93902
2756	4.93203
2757	4.93488
2758	4.93557
2759	4.94198
2760	4.94749
2761	4.95437
2762	4.96076
2763	4.96313
2764	4.95486
2765	4.95139
2766	4.94672
2767	4.94006
2768	4.94673
2769	4.947
2770	4.95209
2771	4.9562
2772	4.96428
2773	4.97157
2774	4.97837
2775	4.98555
2776	4.99255
2777	4.99736
2778	4.99951
2779	5.00517
2780	5.0102
2781	5.0155
2782	5.02111
2783	5.02726
2784	5.03171
2785	5.03727
2786	5.04025
2787	5.04528
2788	5.04875
2789	5.05004
2790	5.04302
2791	5.05133
2792	5.05809
2793	5.06448
2794	5.07061
2795	5.07725
2796	5.08211
2797	5.08847
2798	5.09446
2799	5.10011
2800	5.10539
2801	5.10982
2802	5.1134
2803	5.11664
2804	5.12204
2805	5.12611
2806	5.13296
2807	5.13886
2808	5.14526
2809	5.15078
2810	5.15637
2811	5.16033
2812	5.1658
2813	5.1713
2814	5.17599
2815	5.17793
2816	5.18501
2817	5.19086
2818	5.19591
2819	5.20144
2820	5.20615
2821	5.2115
2822	5.21685
2823	5.22239
2824	5.22596
2825	5.23014
2826	5.23291
2827	5.23566
2828	5.24218
2829	5.2486
2830	5.25285
2831	5.25974
2832	5.26525
2833	5.27031
2834	5.27538
2835	5.27528
2836	5.27839
2837	5.283
2838	5.2871
2839	5.29033
2840	5.29526
2841	5.30134
2842	5.30532
2843	5.31058
2844	5.31533
2845	5.31925
2846	5.31494
2847	5.30792
2848	5.31774
2849	5.32586
2850	5.3319
2851	5.3358
2852	5.33945
2853	5.34653
2854	5.34911
2855	5.35635
2856	5.36162
2857	5.36685
2858	5.36295
2859	5.36644
2860	5.37007
2861	5.36548
2862	5.37382
2863	5.37843
2864	5.38271
2865	5.38747
2866	5.3882
2867	5.39374
2868	5.39642
2869	5.38954
2870	5.38284
2871	5.39383
2872	5.38866
2873	5.38167
2874	5.37465
2875	5.38084
2876	5.37789
2877	5.37127
2878	5.37081
2879	5.36702
2880	5.36056
2881	5.35526
2882	5.3645
2883	5.3712
2884	5.37481
2885	5.375
2886	5.38461
2887	5.3898
2888	5.39283
2889	5.39477
2890	5.39587
2891	5.38874
2892	5.39408
2893	5.40063
2894	5.40335
2895	5.40969
2896	5.41696
2897	5.4232
2898	5.42753
2899	5.43024
2900	5.4328
2901	5.42545
2902	5.42316
2903	5.42574
2904	5.4194
2905	5.41297
2906	5.42068
2907	5.4153
2908	5.4226
2909	5.41998
2910	5.4274
2911	5.43423
2912	5.44007
2913	5.43379
2914	5.43437
2915	5.43594
2916	5.44225
2917	5.44754
2918	5.45332
2919	5.45914
