NightTemperature	Rainfall
25.95258901158195	20.00883991216
26.64662090346139	2.72437110413
26.238404260200635	6.259712511915
26.657568240102165	13.68126801277
25.35213817261005	13.2425791593
24.296234924410673	16.5630262559
25.90967518280651	1.6679216255
26.167361521725137	7.39965817913
23.227690577905744	49.834997632
25.646746214887372	0.398844931769
23.39779814757317	70.3909866
23.978379536140846	18.76232029
24.570814569721364	10.708908797000001
25.177902084847172	18.842633645
25.739560831399466	12.019341808
24.72660952796605	24.68188047
24.40376550913373	13.118134791000001
24.66839153162664	11.860948453
25.688950797111975	3.188527105084
26.158709816559693	7.41943804856
25.50018532466507	8.32440827497
26.930400893263656	8.812012023449999
26.029948891901842	4.9741267435
25.211916066267364	17.1128936
24.717083615389623	14.396363853
24.679488088253677	17.533692258
24.31752958836533	12.5639101990549
25.109006843751732	14.41722301425
26.15013803625228	3.02818636504
26.39457028341219	1.1185402096
26.303191338950448	2.8935011766
25.931175995368	14.528681012
25.28678354030574	9.352503623
25.316171434812166	11.3731368976
25.332403373989063	11.056247537499999
24.286331651666583	14.710659894
25.318133716044382	5.111475563508
24.000487263673193	24.498821711999998
26.14557092996267	1.6617804646
25.995270691951372	24.5045946081
25.38946899405692	22.5927419951
25.430172295713408	15.5638864658
25.758237042113798	15.1662640902
25.593723650247046	23.066667132
25.75187309402066	21.089572681
25.90016657666638	7.7126846297
25.700275286693234	21.700741125
23.846986824022093	44.59671433
24.23526862311669	13.898925142
25.01331568231763	13.336693773
25.300385567717747	14.855520052000001
25.019474726018384	23.576734286
26.315550030819658	6.3496953428200005
25.227044864181167	6.3800252125
26.582260058606206	1.56219826975
26.049269661471047	18.818117702
24.228721855839424	12.1992184985
26.510555669516183	3.730798946525843
26.314037031183204	17.2305964154
24.23173449028033	52.182469431
24.403795992863923	16.00264911
25.060749476488756	5.7478453779
26.85755153590611	1.195980607
25.786956451622935	14.155604910200001
24.367702359219347	26.42052776
24.4083889366397	4.826341911
26.295397535702715	1.67528466303
25.53477561869686	6.6390961932
25.43786224078381	15.52332526205
25.336494399635423	12.63501639047
25.18795201733638	5.9265702584
25.730628900984367	19.5538058975
26.861778441653886	3.28117755076
26.420191708630956	8.642456641999999
26.709284775993016	7.04834239281
24.84195663618965	30.194378624
24.173171629973872	25.64603193
24.802475938168314	7.33837414893
26.467487680939957	8.729140452
25.441523706091644	13.252008917
24.41714274023446	11.867038174
25.786163926045564	2.5834042638
25.557956587224812	17.449522873299998
25.918369411709083	28.637061887
24.845848510022797	12.289501679
25.97256502847667	8.522167090950001
26.56036088510388	7.388045612049999
24.06346397529953	26.42432919
24.725140305365514	32.61057253
26.04348803403958	17.135468794999998
25.628308584591654	11.9001697405
25.105302750982272	10.804979875999999
26.270828657549462	14.4702533599637
25.160852302350378	15.84102236421
26.56420578987732	8.694442408641999
25.800274049428292	14.392035403
24.510378296074837	20.69065645
24.919362538676772	21.776280548
25.996641440261396	1.2881323689
25.032519281810444	14.269932214
24.02973126028034	22.215714905
25.377414340248443	13.75163064
25.856675329493118	10.4588569672
25.00447694808841	8.085749359060001
26.381230702688477	6.721171773799999
25.05832370131758	6.2685720362
25.409640546298178	17.609737661
25.50144965453187	20.715143835
25.3791569341056	15.787826816
26.140204833982402	7.4418321002
25.217991837213745	10.9591011865
25.586066816064726	19.673550014
25.188625906263876	22.991840064
25.025156779573646	12.4942437282
25.57276804599052	14.07700811957
24.496570875714763	18.45092053
24.229564518221192	18.71503824
24.5854525593252	24.1412259475
25.548401124592957	7.2094121467
26.055713495696462	8.1930656289
25.00439344381001	11.975678834
24.789592420899297	21.491563269
25.84000699574848	12.658311084000001
24.537595014011917	29.133242896
24.21323793215257	27.57100571
24.84303799288238	11.186382906
25.85921242522346	17.690976102
25.105619513112856	14.608372125
24.14564857674593	48.50200099
24.089927523513403	14.061890758
24.818971094347095	16.369152070000002
24.32640873557485	14.99777950566
25.125274377047756	7.94565463
24.45552979267647	17.55923036
23.667796921812172	19.15827205
24.531159990179916	9.48247001
25.11106380422245	13.230478456
25.880526923097893	12.3308264
23.846979759083126	19.368249163999998
24.84446267536339	15.105216898
23.197999594937905	51.487392739
24.614941316624698	27.755490637
24.607470460166468	15.2924843
24.880388578174568	13.68817604
25.372629524321006	8.3025135793
25.265857765015095	10.21022340915
25.957825201451882	7.71717126055
25.386431980765064	2.314157032
25.29988625205694	8.3847307081
25.536090720208453	8.47396870087
25.914738047271246	2.6344190963
25.96643912338647	9.316224617
26.308014001123823	4.02432045004
25.615788343956037	4.3829463894
26.44740282500187	1.684421296
25.789051247286405	9.913580028
25.437428831509486	9.183335337
24.587025293235637	13.907980279
25.383131877359453	7.948642191849999
25.598899014035226	8.2516202413
26.052890933219892	3.3256539684999997
25.907817744281424	6.37663395897
25.078748231312684	7.0441715385
25.739554009811634	2.732604712
26.119488189893463	3.492525699
25.385382845732135	2.659609439
26.20135024219857	6.91641495855
26.493411365546166	1.53440385753
25.544183605454602	8.3047126137549
25.644606375519274	5.604399884389999
25.20152970936272	14.231166839050001
26.203698386623312	1.3760842152152
25.61312061573806	9.8739510850441
25.43505585672281	6.73642165552
24.964941001086572	9.3591056914
25.55075466599911	2.879489526
24.96499781493235	8.624381530845
24.978946315867148	2.7462445389
25.750727303272093	2.73929086045
25.90169966905614	2.85151441756
25.317915259838248	5.82061844229
25.99867915816025	2.728092644407
25.34636575634205	1.73415283816
25.73001574047738	6.7316770795
25.493893501635792	7.917286282782
25.75434335901006	7.0778776817999995
26.090416981881887	3.1882278381
25.859472749486176	3.1675044381203
24.645065399423064	6.63621053568
24.864712930467245	11.60735187513
25.25553036355688	3.424460864
25.954597285463738	3.24592077485
26.091422459878725	1.402139661561
26.514835341926734	0.5127067836989999
26.445002123395923	1.24667808947
26.86399645405541	0.6316278156742
26.944886009398854	1.2771506070451
25.95547219650217	7.674967918412
26.159708838163773	0.7231786884
24.617573031740314	16.90532421
25.718507887115145	2.8798493287299998
25.373023267984838	18.2974204734
25.95169823463937	4.6649962489800005
26.533711832619815	3.168697641
26.468264605800105	10.7081421192
26.47513656902182	2.5375932596
25.643104831982146	1.82293504793
26.551847457237045	0.9141765678
27.21587697973189	0.38163253712
27.511511435336047	3.2120794666009997
27.564047313393466	0.41102170479999994
27.367172649572673	0.50075650706
26.92654630524015	0.61962283233384
27.100567699775553	1.6063183560268433
27.566907118501277	1.140758388
27.475312393236937	5.297141703363553
25.702283635476213	18.11151219443
26.027634941745227	12.29547634065
26.930179214666964	4.96400008226
27.46067499401802	1.2843750213468434
26.934137856158266	7.2183832678
26.698217244153646	7.58931922706
27.30338737350517	0.8463504164
25.75536414344943	18.27789103061
26.444485252045503	3.7880022622
26.513769141875322	3.049957377053
25.68567453136278	13.6392715164
24.002053775083144	30.626650102035
24.891047016618288	0.9750131482
24.893355853443538	0.9541079394903
26.135543665064127	1.2066703319699998
27.27137752287112	2.5671165374549
27.427834352280172	0.534266239651
27.899458930364585	0.455761439709
27.34162117481427	1.5909910373
27.095790135775477	5.8438479464799995
27.808147339163998	1.767182355305
28.227566228641198	0.28457120125
27.814467474421356	3.531448814304
27.45944850410924	3.0131690205
27.034751366295684	7.0165648936
27.87638666002065	0.9293457734802
27.941027284372062	0.48077031914999996
27.70674767277973	0.5625851507399999
27.75369520270785	0.316755467721
28.04851578327201	0.16851723229999999
28.310244436857825	0.70773958179
27.401571452029895	14.2640935105
27.031996323305492	7.0992715935
27.5231376106121	1.2963838364941
28.244314857917676	0.335299966781
28.728929177987503	0.3896206649999999
28.452248867647874	0.10330721088099998
27.84983766154492	3.148942386795
27.480396018710714	9.6109398026
27.577853742238887	1.7091535019
28.124306136388277	1.5737191727488433
28.196591850611956	1.6820133108
26.890324048786777	12.31893884113
27.0423311686791	4.04423865217
28.016662790461282	2.52768400608
28.477999232386434	1.02442394009
27.081179200389624	4.01687247247
27.376262118805492	3.1914115156
27.78980601078793	5.6109264449500005
26.258469979876843	17.654015565999998
24.81316367996397	19.63420308844
25.27465405378645	12.7320922749
26.013112023675177	3.1305640956737
26.576755003535055	1.2166343650523
26.80746631394537	5.056399824524
27.47444452704595	1.16877185005
26.2000940959309	10.8581716043
26.36566495939446	5.6881773318999995
27.29006378061192	2.132777859395
26.46832265209435	12.7194292883
25.732267307584227	12.542146474159999
24.882824349054104	15.41232192183
24.56124924264055	13.0170182496
25.773675703640407	3.3342145319000003
26.3007379454444	13.820579342238
25.573103057559997	8.69800892935
26.129652351324857	11.718541447
27.410673661658898	2.03943774579
27.787406387710533	1.3151745809
27.86726063064	1.92609504445
27.857207989407463	4.240255107
26.116919121139638	29.05368689152
26.18322274739365	7.618501776
25.961915675828617	4.5558654247051
26.84769069913898	3.1733475553502997
27.655721911420027	3.2187488783522
28.557551705005007	0.8985355597699999
28.458764427430864	0.7988586941
27.391205643021387	6.789588978369999
28.098000261742275	0.0439286225112
28.561931364740996	0.0017174496183
28.453548964011027	0.00339865127052
28.226990002963824	0.2865821145
28.009824131069305	0.79984366463
28.474609078678398	2.18172969772
27.90034305016221	0.697402290885
27.25709714908582	3.2324399888549
27.97258035382775	0.4073902947
26.062280530078223	2.8440877909999998
26.86210409986907	3.56263817106
27.961721073891287	0.28620928827799996
28.851994155782116	4.351138e-4
28.78675202848046	0.06192028571999999
27.608216011115385	8.18282081285
25.194903195282546	25.1312174914
28.625673975688517	0.038742273649999985
28.367396716923665	0.1630332290767
27.50591407162685	3.53224534644
26.474043273844416	21.667681332999997
25.215663770864662	18.0712633635
26.755497188472624	7.9606325662
25.663425197961118	15.515610695
27.86564294017829	1.9332464828
28.105259230379524	2.0312578079
28.430650102380678	1.20008886652
28.793395243006422	0.44847950816
27.68895673905988	7.023653663098643
27.83595314174879	1.9245861552
28.833342282300364	0.05641579725
28.928851220882073	4.658331058374
25.3775274587299	22.137053093
24.98773926424903	20.0223858198
27.390430415527106	0.786214317245
28.053561796228788	0.030934810445
28.244328014028575	0.52058920009
26.678523218638738	7.1138672404097
27.235354581347185	4.71646335687
27.9492253611634	4.1099742105
27.936537675179576	4.5621499819
26.390374038684087	13.4387932663899
26.455269586067516	8.2089663071547
27.220209816022187	4.5597091698005
26.357639724194666	8.523879891688999
27.126092076210632	2.421773037645
27.752860620851525	5.005511576786843
27.479026170450652	1.87043845785
26.80497959497765	10.1811249453655
24.937657511134805	18.8936310397
27.128547796753065	2.5561178035
28.16584135372079	0.2864181993049
28.506725113872736	0.1088008000919
27.591768575924135	2.599365235545
28.002557723585095	1.3523660809397
27.22319429769313	1.73548163657
27.82012240723499	1.3022899606429998
26.39422946724288	6.53849469377
26.77423929379375	11.3380245774
26.583838436172275	3.80111222313
23.5327831507318	94.454885406
24.343234764717913	27.67451479
24.1584916501724	28.1437478
24.2332926296905	11.88913578254
25.46949029259824	6.7794017545184
26.667207036595087	4.2947448643097
27.168839159723255	1.1936612372849
25.480085819456413	8.65773595285
26.94435723715493	2.59006208297
26.04377234173251	11.1218982377
26.25111717548001	9.3120329665
23.17785999898776	126.304381509
25.309247790377327	16.7172813823
23.60816185836139	27.893663851
24.77757950830405	7.1274988833
26.183657560335014	12.8742325588
25.920439422370638	13.9767036875
24.958541298759517	16.8896600317097
25.48008828023057	7.760964321
25.315161969284304	11.025726632
25.475829896491124	4.949033221
26.313995208015402	16.463069271600002
23.963160727150814	32.3211151135
23.239581228912776	53.67248754
25.76807977827742	17.0294580194
24.73934234066534	16.07624022
24.884956410064063	16.53533736
23.501147548503226	29.715552250000002
24.832295464946455	12.1165210793
24.794816268004812	14.826408727
24.045084641535794	25.042224715
26.47298193688423	18.977542446
25.58339947324523	4.852812707
26.088123134556252	3.25594259361
25.80611453398951	11.436172659
24.038431402889056	18.600764236845
25.43535581699163	8.22107476
27.105806411193477	1.8687315388
26.29673372080409	3.735018691554
25.61131661159172	12.3367301919
24.90253456555251	21.0401734122
25.765371700776118	5.0506807528
24.63560011387396	10.8794465787
26.006443887578307	9.524396161
26.219367559508445	12.101881218
25.26840565739955	17.438027387
24.982011593001825	6.77611855
24.883018879903993	3.729534161
23.628966160230895	5.6901868066
25.03471017096093	16.930129513
25.744667417876855	6.3708291895
26.416442683273072	0.8047719866549
25.514210749994135	20.049094818
25.438103899633255	19.03222201
23.704170509598413	23.1040833
24.327728089539615	5.8144685168
24.943343347039228	9.1254968878
24.46165008419947	25.176600201000003
23.767904554275244	26.3116585
24.09158422420326	4.6149420746109
25.723472515479546	7.49093832123
25.098940384431838	8.611304638
24.750747947017583	18.35584786
23.775269106307146	27.36168741
24.94362764061905	9.6768049747
26.20591783518196	3.35703048484
25.437019835067584	17.784577889
24.357735031383577	23.323839003499998
25.56280887969651	17.8782946467
25.900447354178556	16.944174103599998
25.38318533960837	9.84941686695
26.22468631613412	17.347571731
24.745645309563116	17.305200928
24.666751109166132	15.158160833
25.439923672048184	8.638993985
25.37567132258882	5.05706222569
25.83219769615937	7.976220816
24.707055081394635	34.10262188
23.852500818488448	15.477504614
25.547913628713285	12.4397165311
25.832586147141352	13.8529746843
23.614500947641957	81.563925
24.862465944977426	7.9581588497549
26.326956556385642	0.5108371306799999
26.146449793722105	45.8388630659
25.13532098295154	19.508689535000002
23.639700053977744	24.19612051
23.630391257633132	12.212380706
25.015095080685047	8.782366337
25.51191877224035	7.7984455845000005
26.218223178680553	6.49830277795
25.38119756137184	8.5264354584703
25.41891420706789	18.517642598965
26.330394994940352	11.77816928986
24.811527482985078	10.47115553055
25.7144155719884	11.69689102023
24.739191967424834	22.05926378
23.168213417330858	22.26920254
25.181596103540382	5.0257623109
25.312624999695444	11.861945648
24.672580899552294	22.32713404595
24.647269387950967	21.54199052
24.273370636164262	18.6987370846
24.80045232308479	13.1818765
25.031466131767907	7.3742009375
25.936187670384946	9.9264255999
24.76865063245909	10.214588718
26.307468726007265	5.711263092
25.852861544492715	6.803622429
24.35460637181383	10.3997468256
25.56903548080691	7.54910632545
24.775554205324763	17.701908256
24.743166326898763	17.747870702
23.798435189936935	20.343208439
24.650126587414004	13.10435127
24.711841678974526	26.053278625
25.092302905297117	7.52250479126
25.043287805526173	13.160120736
25.735238957114966	10.95687931977
25.528166437041733	2.977490074
26.13416775033974	6.7476138696
24.576385450642032	45.63331565
23.869709830224398	87.9590999014
25.495721489299683	22.09626906
24.5125103617458	13.602688772
23.866528717764375	35.93314451
23.83403460869463	60.503441455
24.510916462746312	16.959646774
25.19239334808439	13.4040400959
25.24028779210413	5.2540857765
25.369700672195293	9.1501913288
25.242666200089243	11.0109122843
26.33417920380468	3.6750674064299997
26.956782031343508	4.9017048851
26.5857307959563	8.62511988465
26.347916351951962	10.4226597998
25.76539191433478	31.88965590656
25.72694736661909	18.03145888
25.11632948264951	7.62339623956
24.813614031108635	12.8634273517
25.917170477649897	10.979741844
25.86377273725264	3.836475298
25.6078168767186	7.922823651
25.3849857876019	10.95367145
25.740857409519894	6.615621185
25.75660656672812	5.082353606
26.485170701947936	21.532174073
24.73228501060684	12.9524640597
25.03304726978416	13.055865093
24.687654562409147	27.197118594
25.708691669292122	17.095588825
26.03133325270582	5.9953515014
25.889312449690884	4.49437200971
26.225650794334786	5.2658393935
25.55251807612076	10.90342480221
25.480502804323585	4.863997111
26.88859902718537	4.791914639855
27.10097844139091	0.963013162741
26.56992056957927	7.9699818122
25.85938162134654	5.422181686
26.39443093661135	4.7809608359
25.989128876891616	4.834316662
25.673130566466707	19.179820199999998
23.77973750093403	12.9149286275
26.012111217696734	3.1375162515
26.60974067062278	0.8499555286899999
26.16520867846259	0.8555650751899999
26.92135721625054	0.12103915116
26.722620463990843	0.46071409774
26.79036622701807	3.0028946690000002
26.327318881687543	5.36065331815
25.555074950062064	6.12793857435
25.60319629076456	5.2484022693
26.420945109189866	1.2221894145999999
26.23820078304357	1.8797993494999998
25.947515054868678	4.3711252174
26.12779122727431	2.30430586897
25.183469991643626	5.09811714116
25.935512898286706	4.05904644953
25.81668792227688	0.95904020464
25.170793213226904	12.8341533723
25.567068270855348	4.13164702779
25.572416158939028	5.7583800645
25.741767171257415	2.26295090158
25.92528156127687	1.7548762285
24.801467451687863	8.325102233820001
25.953461937183246	7.2387778035
25.180000549224584	4.7467510901
26.787581244984803	0.79577304161
25.69042012366969	4.9105770905
25.618385808524565	3.192529080521
26.033353450395026	1.449130265761
25.827657591333427	6.34030775473
25.609648346601645	8.80486377981
25.354605853966216	10.74256367145
25.963284239720434	0.762085626927
25.883252776167296	5.010477369469999
25.408503744658592	5.4943002966451004
25.662122204051776	10.9922954686
26.012334629827347	2.04133540394
26.08639962629465	3.1636767616
25.569494832545367	1.767685253
25.336018819049677	7.974672431
25.314898764228065	2.9539678829800002
24.288564440511177	16.0035394565
24.59890741550136	8.861898596
25.169513431951888	14.18509631
24.559290420748543	10.5984493733
24.889290575344287	4.9553066275
24.665639510496355	10.759949672
24.996731112359996	7.253076933
24.308246168268262	10.4352565544
25.65930886742714	2.28553638
25.697475585213972	1.584078378045
25.942499780301844	1.876302075945
24.289123695132705	5.8975137077
25.968517024598555	0.93688725898
26.015617935337268	2.3907838778
25.562001098481755	4.39899601497
25.59647521886541	2.899046999524
26.008291850006998	1.64393708275
25.770492704111906	11.2484895951
25.7528210256221	13.839080584000001
25.987709154134812	2.58162763606
25.906834407315344	3.289626540383687
25.598192712836454	3.24574488577
26.584279996232514	0.8425489077503
26.457720574426915	8.88798764856
26.149566823303957	6.2608196556
25.143942274893526	6.068722879612
26.14102675745912	4.73676331076
26.23343984800413	0.78349486476
25.84946642802036	3.04886157102
26.352417172873796	0.04397717264929999
25.96483847485775	3.5539060393499997
25.273517063292946	1.284404383968
25.049946749185946	2.663878850745
25.31105015545371	8.64634581055
25.703694266760625	3.817754974885
26.706634273798816	0.6594657949
26.90436091365289	1.2961902741
27.113297270750035	3.20532918095
26.978763834766685	4.120353657
27.40637993229233	0.8647792061
26.158575870475776	9.7787171365
26.917606558617987	0.9859967711809999
27.377813437148582	0.8973330118
27.57601072292395	0.7103808242099999
26.8788722228705	1.6149942756009998
27.181640007536814	0.406342749678
27.85245990613845	0.00127188462785
28.01440772162437	0.40565431199999996
28.43290158153743	1.290202131539
28.22965464261851	0.251348318370077
27.36936639278196	4.120986174145
27.645207321096066	0.5161166155
28.39973684290259	0.23843645730000002
28.870439723937434	0.0017166137
28.568829976928818	0.530424709315
26.034589908087273	6.1435609501999995
26.20525401948256	2.9311776033
27.953244417162335	0.054027884841
27.780549206919936	1.7266756250787
27.608637772117596	4.020758755191
26.469967066994517	10.548213234601
26.983292960895483	5.069061499867
27.618795605410856	0.62741962465
27.70639878080738	2.2735978788226
26.78984266995697	5.7066803841
27.10128229471314	2.60225310458
26.98605996117086	1.62945987427
26.532702494451147	9.0979711629
24.955524009940852	8.46412025499
25.661176822998147	12.7527713396
26.934682067888872	5.45468929105
26.579337269434507	7.80056126967
26.83136032560636	3.2105625193250003
27.54984137123154	2.942341646
26.900841337416256	6.509378937316843
26.93869386812439	11.0205509552
25.950702083742033	11.478943415
25.016014400707032	9.26015676303
24.561840294216104	23.751229101
26.42060782242991	8.06964880592
25.605196896507632	6.5558884635315
25.919469447682314	5.07446673595
27.210670834723814	0.682793015055
26.961308324114626	1.770529896645
26.33560185014374	2.97906028866
27.05810030222094	1.14577561026
27.242243804461005	0.9501501888273
27.703850679102743	0.879901635736
27.474576595565576	1.131975652315
27.810711464157478	0.68890451798
27.950730294255603	1.2697458169
28.278767452230586	1.053682373269
27.443077998397044	6.459194397893
28.129253707454122	0.35522878527000007
28.855392287479518	0.110882519801
27.793934873508327	4.0131912782169
27.470782373558116	5.690395873
27.260606239676427	6.7254803004
26.96048013768078	9.21730325742
27.344769441261	2.9759660624
27.80886990591025	1.51762653122
28.414296618190363	0.079411270274
28.356108562760955	0.2849936499
28.46211544185685	0.261038541281
28.199551700584117	0.944357360229
28.2842021395457	1.2292744114735001
28.718477600274902	0.65017640394
28.665359844395	5.1201273131
26.713611863426966	11.15675463980528
28.352158878984696	3.8516678530243
28.997137390932924	0.26967748771
28.57748944472202	1.2488731221065
27.845643439584187	10.522738088705
28.35919165207381	1.287895435
27.747635570279865	5.17818711605
28.5431474040947	0.18748268545969995
29.032011226979968	0.14681721722299995
29.125720522323988	0.151130557201
29.039740308824353	1.1458091458
28.24347727561493	1.53150333565
25.531260730796912	16.1542126043
27.538408782162477	1.77277998501
28.870060994059987	0.10749772129
29.618090399507825	0.45511275385684347
29.29704915436733	0.07031038453389997
28.8675235347884	3.490112704104
26.470257651805714	8.9990758245
26.551876049483013	12.07331756738
25.234814200871668	17.8592868093
26.690835346736854	6.292189310442
25.858788387670828	10.0306170393
26.776311316851633	5.13148660276
27.539125815670186	0.97889229791
27.168950049755665	1.75635892987
27.149719491079413	3.5553910328000002
27.482424275888555	2.277223527268
28.479978740133227	0.07086992299999999
28.84006536922234	0.04200265285899998
27.97809623229255	0.5516876266999999
28.111133445198494	0.6650567031206001
28.706429022321977	0.23447871212
28.934187409818136	0.11822953993999998
28.746636137820413	0.9675524903797
28.595592163298427	1.8407702612999999
27.936668063678336	4.5100221616226
28.876625439587755	0.2455450127106
28.372011906929693	0.5510032150599999
29.13168230295483	0.141769650639
29.12110823141805	0.11173449509999998
27.691265103085467	4.985350239
26.983230958384365	5.549931653869
27.118531221342078	3.1660996453
27.7539974279725	4.267841572
26.859235966281865	6.649012889
26.66240103859921	9.908779726
25.56149488023182	3.034533758
25.343190140323802	12.999441144
26.319976843273203	2.667814446
27.05055207983509	1.18784932513
26.636419998335715	5.959377519
25.984408159099168	9.5923498804
26.8284094684867	1.9060708608199999
27.50438662375853	1.7604231696
27.11001119912496	5.6331312105
27.229272585845397	2.7745992258
26.520870685716307	5.0226810805
27.209401792396694	0.8018963261751
27.71576135455803	0.7092966866
27.716885153732893	1.061156394544
27.77561890316294	1.404901965
27.52906508506652	4.0222037999
26.223279480352893	8.8592864633549
26.45902560539635	2.7846194325
23.835358196006702	10.771442177
24.205496405899968	26.353559499
25.233734565307206	26.134446041
25.412484823769677	10.248892001500002
26.262293043633562	7.4555910536
25.393457628035854	12.719984425
25.401118681357907	11.864375365
24.951410015154185	9.651311753
25.18048681153325	16.294913895
24.851468624852373	16.837761046
24.57347697304863	20.6919348655
24.796700294042328	4.061813649
25.024674163775128	7.9826578790000005
24.534295281162642	18.913722121
24.842739782222385	8.407841302
24.542642514872306	19.31735626
25.239731843613768	13.874638204
24.36624770837439	18.470281918599998
24.906624681663907	11.897824744
24.52504338705772	20.650068367
25.43422078162978	13.2742803084
24.212175621974104	27.0706226326
24.392185577163218	15.58589544
24.691719024300763	11.677822489
25.552535739731734	13.509183397000001
25.524530939283917	10.5925447054
25.705047704346445	9.5713161305
25.66318672644308	15.5288514132
24.461675967178955	24.917237903
22.529648841449653	47.99799166
23.964175987577104	15.787347784
24.439980885913467	13.097019770000001
24.930096637306658	12.689552309
25.162093114172585	17.352596215000002
25.142312563496212	1.4432815126
25.499067548758966	6.6046584693
26.103490285678774	3.9650454826
26.070396992234603	6.70848789606
26.015007895512372	6.026148054
25.375990120168346	19.5676327571
25.67707761985872	20.4890809541
25.15493317902448	14.6294996584
25.784580243476743	9.4764585539
25.09201044277481	6.8777589185
25.623034110874073	1.99009925415
25.629140026769537	2.9235778228
24.741518783504777	22.25726916904
25.234498356731713	4.4301182022
25.164929688138493	15.3613031639
25.80243717881161	8.206440216
23.847887484344707	30.740902651
24.897754169374757	12.659385011
24.555328057959624	37.79567336
25.936707105016175	3.1540319078
25.29734556237811	15.68975293353
25.15684901725725	8.733224926
25.291423828330675	19.513364745
24.58732110123854	7.092624559
25.38493242456935	17.443962316
24.439827105030535	23.91081016862
23.85508609739508	30.482916854000003
24.983334724769936	19.7282753469
24.984332775808063	11.0251449122
24.709565157888427	17.3427870465
25.64842495737431	4.6067573059399995
26.42655219585056	5.0534210647097
26.078628148816556	10.7193663013
25.84130711530903	5.43280119527
25.751089585727613	1.4935024144
26.66706020045764	0.26846528035
25.74347313480073	1.92016288328
26.731786197662547	5.2861832241
26.866444415253127	3.47728837657
25.21099406592151	17.56784271
23.829014340363695	10.8961086313
26.23503116523043	1.4338113474568435
26.88221581766013	2.66868469961
25.50787985689026	10.8173311671081
26.927640588019393	0.8130624924127
26.373793464125708	5.72990419947
25.15960144046535	8.830825973
24.936464233731748	14.340921285
24.842097644764667	12.8189325814
26.182492087242224	13.871611733
23.748620286931704	24.85336652
24.06834410499727	32.75613838
24.639477252313576	21.5999384914
25.49695531678734	7.290484856
24.862156678250674	16.467970270000002
23.480969689512087	83.6213068
23.728994680631345	19.92642918
25.12640915369093	4.32940014689
26.12606258592774	10.153825932
25.525009029748308	18.71748656
25.524401337985783	7.0984951683999995
24.232172883382788	9.81647519995
25.65960937029302	12.82465389
24.942898976551227	16.477320202
25.461827987065256	13.174322564499999
25.817369894931964	6.9960962464000005
26.670728487606155	6.0368270002535525
25.22924326491879	19.15089786
24.43449332224883	13.02123137696
26.734386383100624	7.3589718944
25.606088895470393	12.1965541015
24.716752070196485	12.979088015481
25.198119972042015	23.215543456
24.40203826471476	22.910752451
24.924774941342353	13.622822376
25.44796329050572	12.813722801
25.259652647636035	14.851919577
26.508302350348306	3.6479656078
26.890017033263234	2.2974286175
26.192491428715183	2.61697843276
26.975119731662332	5.83020337372
26.516506755622203	12.721257222
26.715094227248972	10.52844151853
26.202204542519755	12.7516368771
26.006869229873306	17.490231680149
25.069345521522237	12.4878711675
26.09087055752913	4.6074684985
25.004131952902288	7.6987650895
25.92895834646253	6.9796934908
25.29452835581745	16.659993564
26.29393189607485	8.97570138
26.01754372550162	4.203300193167143
25.692247862813936	16.5165994711
26.90775600835065	1.4091692919
26.207746352124936	11.808317057
25.104702200245526	18.76587046
26.460216906124504	15.7184145282
26.59085237850073	6.02634530042
26.824974910543165	3.573690845
26.463749305348866	6.487305484
26.305946982802926	9.4105468415
26.772606249999	2.33474151
26.934365333047985	0.99828839625
27.36508383802723	1.2592151834
27.277633027360558	1.20685175783
26.632772743546266	3.3294267764
26.012557474761934	5.2042923947
25.681336696112147	7.6341647135
25.15230018466844	12.3409443196
24.786622333699103	16.6829582511
24.90874314739461	10.577788982321
26.022600822423126	2.4957023789
26.8341493344295	0.7814623401499999
26.469806600279984	1.55236124801
25.609501070480555	3.0929520429
26.23686941341185	11.2597108633
25.440017526953433	4.0866263155
25.096008430725625	14.8798487029
24.367866236915113	9.297712904800001
24.829708216374236	4.05207166
24.769628527216156	4.8606507273999995
25.213856270457022	3.4210364992096998
25.131833732180823	8.9014797
24.898631006849094	7.4974462521
25.390868556276416	2.8631344464
25.074498421802126	5.6069299322
25.57822161405322	3.2963406850999997
24.458044586752397	8.032235686
24.740394720457193	3.0801177437
25.080499799388956	3.677423303
24.80009759048527	4.426687961
25.175906657513405	7.301877409
25.99203302121159	3.0358884295
25.16667442476175	7.1745901977
25.27510005697109	1.6037262839
24.46903953132867	9.724652768
24.226746647502903	15.80175385
23.445712070984396	12.788474589
24.183482466298116	10.876379085
23.81465938594355	17.992611832
24.224448787475236	9.592324526
25.308786216262554	5.434450864
26.06145243020345	1.59280001875
25.417999456489746	3.9169341369
23.705792185599957	14.632291539
25.186004232371044	0.8868649606597
24.327886771028872	6.0019572920482
25.61846517528071	5.06611534865
26.24096536826334	1.746207119034
25.40499100144429	5.5597514308
26.187190005682623	4.457255551
26.042886579233073	3.003342412511
25.125378119334115	3.1449012642
24.746254607813054	6.69950694087
25.887206193325547	1.145961131087
26.502310629137664	15.876389693
26.166604203891612	3.0670873899
26.25766768183633	2.10210539378
26.062717077140885	1.4438025690568435
26.16874185067653	0.5825213173
26.097336125094785	3.0168063693000002
25.79628775832831	7.320385413
25.061720719970342	8.077748355599999
25.835754090595987	0.9424097929
26.0591624418589	1.31664184001
26.21448240182254	0.9331494620349999
26.187220052967035	3.9323367356000003
25.102940730251106	3.4434610123
26.143308642521404	0.41106716313999997
26.134559339000198	0.9869448794403
24.543747158679263	6.3491836247
25.29332228481241	3.1504511865
26.4247764722166	1.0096043326
25.94750516296741	2.0004801479149
25.87222357290014	1.88073291596
26.18589400836596	3.42993287267
26.560611439004283	0.6694865218099999
26.851003738824247	1.8127277256
26.87792288596753	4.210422880701
27.044298289281713	0.8356273197899999
27.476327773929064	0.060990453099999994
27.72441759499582	0.0018179416168434199
28.09607616154302	0.0118583437068
28.134216573546595	0.043006780184599996
27.451114375933646	1.17970406922
27.95613005632302	0.1403093336
27.766216060160225	2.75558760555
26.604759339010155	0.8372627199
26.795453736633142	9.260467482964
26.562991009575132	14.251492885300001
27.192916621740817	1.3298951218000001
27.649402473904768	0.22077560662999998
27.713889421974432	0.3270156850124527
27.487453565986883	0.12703537702
28.427897803156085	0.10117888651
28.987840060174154	0.07510185281
28.727160648375584	0.7743686182599999
28.804810017451736	0.8788853769699999
27.883361959017215	4.17855378567
27.754401609896277	1.9798755713568434
26.913256558757407	5.2899211833
27.791942415868835	1.4683984303
28.039585741739124	0.2854350315345
28.299325601159676	0.0977367172
28.697094022528656	1.0065048814645001
28.381417555436474	0.408197536442
28.7427333537688	0.14784932069999998
26.753424894527935	6.916993822899999
27.347302966827954	1.4937818047
28.095028546468427	0.681240105968
28.027801046282153	0.6413034964
27.350465507507458	1.6737431365450002
27.31267100195253	1.8769763179999999
26.43223407286109	3.39702518933
26.470645151838063	11.0516153701903
25.208893222283592	12.68529144236
26.511157155510233	3.5309873493
26.48466840298639	3.3918135698505
27.89365678143947	1.15595757568
27.087940889037693	2.9232948944
27.56636590476947	1.227360202645
27.54205961742635	0.4419572685607
28.046691118305272	0.0072807074399999895
28.59417718511231	0.11834502305000001
26.34070271900109	8.2123122207
26.00809692202739	15.9347420512
27.255984924661963	5.25730481137
25.413724945620228	19.0818124044
26.14314501251302	9.791633417455
26.27891069764024	5.4440289179
27.045829267315106	2.77170912471
27.687826517071315	0.8513573593603
27.730131816352817	2.07241959366
28.312793114127274	0.5731959802468434
28.732497628376017	0.470952447628
28.293608910400486	0.464580889929
28.600810973199756	0.32766684591
28.627356227346027	0.01509264112069997
29.24137027259541	0.360082833054
28.718361649842905	0.24733319658999997
29.089947194187875	0.057452917853552714
29.427252946201076	0.484466548059454
30.036971661269032	0.2836176189034
30.14375656923346	8.523463e-4
30.06610372305188	0.003214449864
30.23684444316915	0.0342143416846
29.790478073499184	0.6735172807184999
26.32972590382664	7.5288833328
29.081461675821114	0.7131043478717
28.627018903094136	2.8021242107399997
26.495784709898366	9.5609067948
27.825958927307976	1.12083108423
28.015479015384468	4.0327902322588
29.178207152592083	0.23140907345999998
29.5772402672405	0.002593226399
29.89630552388634	0.001722574144
29.8626763650008	0.16798079222
30.32719510788447	0
30.28707735182592	0.03700256335099999
30.35020214038975	0.006700677441652714
31.36195362901234	0.0830566222455
30.935744494288105	0.5590078177762565
29.912897178961366	1.0486640038
26.44145875002041	21.364825855059998
27.73558635639687	2.3099556568
27.769074166151047	4.7466329719900004
27.440799554696913	11.3103371278
27.651024590634986	7.306927482565
27.864683430550095	10.571059203055
25.69171024725024	12.74373567098
27.3477137962978	2.2828695283281
28.234206981307388	2.3337483619
28.20914118213064	4.12018896805
29.170637000999868	0.351399179575
29.86271168134931	0.03213105581684341
29.898197001506734	2.2030430744264997
27.251165305276253	4.75029644353
27.639371380593573	12.31217096626
27.37142546777767	3.200394614954
29.20780822433593	0.037884712699999996
29.190704714801353	0.0696855642563
29.218161144956092	0.630830600779
29.404625814593814	0.03159553761984342
29.811390689500534	0.1154609019
30.144300268471127	0.0364117325497
30.08018670759077	0.15122816020000002
29.734321993923373	0.20472594615019998
30.39427878855474	0.00395774841999999
30.038537578947995	0.31831264929
30.010279477396605	0.3984697133
29.766707173989357	0.5768232019
29.84414825824211	0.32107532047
30.368078248918838	0.038659572516843405
29.889119951117728	1.8031276815415527
29.888519332267748	2.4221055276640002
29.565733394147884	2.4510557284070003
28.46513220104236	1.8813386515
23.99997092017566	21.925776589999998
27.997048677307895	3.20239739106
29.088121539883907	1.4294385630000002
29.477835696217802	0.33122039899
28.269776631088373	4.20291234806
26.722205923067328	5.9199699599999995
27.191607809060343	4.5465018516949
27.199809292720946	14.773519103904
27.94663261737325	3.03838737327
27.23812869568639	6.77827914957
27.214828159687965	3.0590500686
27.95560727350829	1.2171432341369999
28.494768026345525	2.0258947965903
28.644953579958592	2.73729048091
28.3006430465967	1.7392508660097001
27.71379582132565	4.763907725999999
28.83858628237859	0.37578492808999997
28.651848816549908	1.5738747903799999
28.527976242294837	1.1901210594
28.17966364072874	0.8882317659
27.989232228816444	4.3818641981
28.953347478257196	1.04511082674
29.197200371651924	0.16513466863
28.518750066485836	1.885074405318
29.004871013636382	1.60239265062
28.22539221989335	4.455540351089
28.220327713013894	1.556951682391
29.828158945672726	0.46865941350732
27.68081105600709	8.8398281204
26.86157936538664	11.44510434309
28.97829036247754	1.175941129456
28.106462766073182	11.2588074502
27.61304054134417	4.194569191
27.993910810127183	6.7542400127
26.992349972187867	17.621701576
24.760057104661282	18.23293413
24.980817477479114	14.631207302
25.766131324092036	19.019160863
25.471257582338023	21.91556005
25.625265125144576	8.815515849
24.240642132055463	30.3029584458
26.619744240772604	0.21110863824
25.523529001801368	10.86904031095
26.212490294747116	0.8172631315
26.793716605335426	17.1371994108
25.547392189960405	15.9412975146
25.889816243791685	10.2428104921614
25.191405944688828	22.4390254456
25.732498986054495	7.5472743618
25.78758737039956	1.7390344377
27.266528803364285	0.9090259851636
25.663116994007442	9.6723563415
23.878044863342815	17.72169256
25.816413951487586	4.43880258317
26.314119134981013	9.74800126173
26.54375816315645	5.64653056379
26.44546052749499	2.911129205
27.164451336793793	8.512787087
26.035770178977753	8.0313414674
27.004532834940626	3.3744782227
27.030897157780483	3.8310669774
26.64001425347854	7.5486626456
26.571189492755224	2.86445247958
27.46144668832404	2.1550908684700003
26.900851344184115	7.9469758906
27.156752036709513	3.4372117477999997
26.43983503181934	8.602107348
26.87709918453939	4.17557352994
27.314652746574982	6.2864703870300005
25.97955460430895	11.11122181
26.96551509475102	2.4054862041000002
25.006920076777668	70.6293963
24.939016853266743	8.140760619032001
26.030806877720867	2.93180081188
23.598654315341193	48.99103807
24.96549577205741	8.9892894045
26.099174730859513	4.293819554
25.9158765309821	14.421404148
25.426967019423913	10.022233375099999
26.735269433949693	12.504685083
26.070209305893634	19.656754931000002
25.73258838007686	17.9623510521
26.522271508537955	19.547972769999998
25.285603188302282	23.8936333865
26.390764588418254	8.5697837014
26.96144733675327	2.2979036315
27.48534279913104	3.4073234354
27.25780090091379	8.5543458171
26.563955470829104	12.7798775963
26.415140494912276	23.420734175
26.961004632465972	4.765568822
27.63136058548868	5.6416728714
25.448613450863117	15.321751996
26.062545179490755	6.70789671564
25.040929397386563	15.72175912
24.62330052591126	11.649766807999999
26.407302153750365	14.0838772855936
24.74210579567169	10.7917567647
25.240064487253072	10.89842460725
26.63646245629055	8.51443557983
26.140954442471077	25.676532146
25.007100159978012	27.679939787
24.854139157289776	8.339019838
26.826955218844805	4.18426541556
25.923459585459298	10.7916400458952
26.78435055434263	6.465548247
26.35741284348055	9.833827655
25.996688358357137	18.466371291354
26.949675184066184	1.0831534898699
26.90533005816531	8.1906516108
26.03435686125598	16.69395389907
26.782350931518252	14.7705539335
25.192051902224662	36.431408753999996
24.92216151781187	36.40295426
23.905151791172223	21.9111181
24.625043348262913	8.889659967
26.13581871546648	3.9662496085
26.61343414712279	0.3495961460074
26.549978714934532	8.49153255088
25.484455855548443	9.734594421979
26.97080589452651	1.9801467541774
26.954132972405286	6.9273766477049
25.597975788285552	16.62851803373
26.113515336906723	4.9296200061799995
26.636431047686585	11.387023393
26.280564848617544	10.910443994
25.308419035295568	9.480619362
25.49149641274702	31.73038594
23.653938033850796	42.48031611
25.544036103314845	9.6245236875
26.5605515776759	7.211407812418
25.009618245130124	22.16075528
24.012556261921752	21.87412618
26.425258449813168	3.7122554837
27.464990922457257	1.1402796924
27.917028801866664	1.0727518464699999
25.93622419161347	23.4346211885997
25.193151438956527	18.075342002000003
25.29552416713436	9.101704751
26.765304523568542	8.8720909737
26.573973570715292	11.22111937815
26.17046233195403	7.4383408300000005
26.354624470472956	12.108742613699999
25.704223716756943	16.53919151556
26.101696104289466	16.7243898213
25.466296926609886	27.46554382
25.053525162977998	4.5255817796499995
26.37208728646857	3.130741418245
26.467314628067836	5.2259035267
25.29920595089425	22.012738199
26.11976558522777	11.114101792
26.46509918036219	7.3888979374
26.18294264225574	4.31288171515
26.408621546835395	8.7860407763
26.658724490113332	5.6744627979999995
26.015504667044503	6.7457154876
26.38222344542477	8.0229449322
25.263886602664467	15.89725904993
26.477378229137177	5.0913467754
25.92073130470636	3.1633175869
25.4679995704179	15.05697130897
25.814586873349256	14.072945030000001
25.491639675081924	12.17130190473
26.697665399980544	7.36925377986
25.761129316275152	11.4587445953
26.14332613198218	3.70838493267
26.843308977496307	1.42028480024
27.360347915749944	1.9209623305999999
27.2285768600209	4.3378300482
26.426928685395737	13.848385892
25.06446954885109	13.240978045
25.62993397424142	11.917799736000001
26.034325906515793	10.4486859982
26.823051649852594	2.3863643486
26.70447419088875	3.374861488
26.227427914951477	8.839507828
25.63327863030136	4.979647668
25.111114688859352	11.032001389
25.63600997845437	7.2422108998
26.16967229089427	7.1347869201
25.74485355590125	5.1459036444549
26.510533588496767	2.1057225640578
25.21787022182489	11.4812292061
25.781479246121915	5.677968251
25.53124141116856	6.3975409755
24.721394966847143	11.845780897000001
25.426644520675055	4.611174800600001
25.349454526346307	3.651518313
25.495037335491553	4.598595099
25.270843321357	9.1122195184
24.66721653945272	18.6402230885
24.98129115574764	15.044104298
24.960222726447405	4.7237679766
25.887324006855607	3.5193689424712997
26.03791178390944	1.74868626136
25.643242304526446	7.082017519520001
25.41889211796908	11.07465101085
25.291482524454242	9.1204867135
24.780247170729	4.0623373209
24.930409319757555	6.5015211193999995
25.236353030703796	3.6015801457500003
25.9046892698609	6.7386641605
25.927733105570557	6.19880037076
26.49259631051294	1.0376140456
25.737891954972753	5.587767847
26.094064584895367	3.8939559431314
25.91998178363428	1.6424834553599998
24.95255710362342	11.0283681033
25.10471716318326	2.9211401851
25.954431829459143	5.8619901751
25.53274090098249	4.0490996567
26.281735542032095	6.3653195104
26.828817364713966	1.286320402931
27.220007163316232	1.0576426818
26.814401570361373	1.77288502283
26.744198682986777	1.4532260582999998
25.572169955477495	3.9245143597000003
26.450023505788142	2.57522245046
26.50825431273954	0.67467913104
26.789273610158006	1.5725284602599998
27.54811375697497	0.6462372570448999
27.422174825457713	0.723868611121
26.998861028039155	0.8110368586
27.043184343000163	0.87786093495
26.504936505158277	2.68655046
26.133972402758484	3.3458240545
26.50325076486994	2.64238938511
26.606510957274768	2.13677662562
26.709022036723084	1.0985098677599998
26.919413217382118	0.882689051716
27.265431077635807	1.9111201263
26.770648167287153	1.80589183027
26.81222555916369	1.3362354707375
26.47701258399918	0.47826320069
26.80064123225632	1.32072642092
27.358745281081802	0.4072256333097
27.356179905424597	0.9951211475999999
27.810050032519612	0.696493299951
27.613060344494368	0.9690701958
26.99717839610964	1.3350129178
26.082268452132094	0.8024036582099999
26.10831052967122	8.07581089653
26.797171597847324	1.07481479806
26.481100147519403	1.77666170887
26.56481083439215	4.4387243712
25.987234210247422	1.843415049926
26.330405913908404	3.6313682816
27.001029608437722	1.6681626492000001
26.529797229716227	5.31676419505
26.553019038829458	5.997398366438
26.713158865965674	0.582442952275
27.501704409341123	0.81574768435
27.862594193754667	0.18110653428999995
27.438870413238785	2.60723230322
27.836534554536026	1.626474374419
27.45071920916946	0.8427798775299999
27.563078212117702	17.5884066316
27.369920877802308	2.20148639865
27.479673775697368	1.01564563246712
27.89276161719984	0.5343072103
27.794091216947134	0.30682161018
27.649952345634578	2.817738824345
27.374505155985318	2.08229347346
27.67493603071387	1.27919315991
27.759981343446483	0.79017416564
28.405170108180084	1.8366786206
28.420858919018507	2.4107724513691
28.65123333587444	1.1087810036774435
28.534705011236234	0.43073422126
28.87913977337743	1.3774031712151
29.07732654761426	0.17192959782
28.87907122786591	0.10290741933099999
29.37416476932864	0.06585548374799999
29.642703824004737	0.03148012436499999
28.58187142624691	0.3790941112
28.996151931161346	0.6235682520292434
28.714059014946702	2.347149808361
27.949169311197945	2.0019255635
28.9908948678755	0.34735201964999995
29.619671098255917	0.093638896639
28.058374549573507	2.13874877037
28.62761864055601	0.15270709615099998
29.213759922087867	0
30.43721661807686	0
30.300142301964584	0.059306621100000005
28.54010304369557	0.9357511963699999
28.98533709062806	0.45635700344499996
29.08645787493235	0.33918023174499995
29.595660340533936	0.334978103
30.289168391364214	0.2130609066446
30.658709669108784	0.06942339245091998
29.872364557789425	0.314730402534
30.82908340569884	0.04283189761899999
30.155636699912712	0.04494190216
29.906264405681178	0.113919378
30.782649803694845	0.0514030458835527
30.47567012022752	0.09318035668444338
30.053352133236025	1.9451081928
29.450487668997884	1.12458467767
30.141009311858845	0.0094546479219
30.357249385729023	0.0031984312657
30.599741436999448	0.004073954613
30.747375539671417	0.0012814999
29.360437524249036	0.21257400565999998
29.294463807531752	1.6355222167449999
28.969219874502294	0.59017538841
27.80923007503709	3.6401611117
29.57424727534858	0.284846496015
29.70003471414743	0.0539756466838
30.065049940752132	0.00930726522184341
29.90800701845851	0.19906759269
28.9233055237429	1.6239046934999999
29.70556231230343	0.06420016199349998
29.928224616932898	0.031340122439
30.420981349322435	0.10277027594400001
29.680432789387606	0.512868168205
30.05491049771678	0.02465248053999999
30.50051171059646	0.04460513614099999
30.228255583034308	0.49411430916
28.47893768498986	2.8273433546765
27.808577182345907	4.02361344575
29.07160225864547	0.7218998035299999
30.357529462528454	0.00515580176099999
29.320395742619844	0.26516914669999997
27.97937765384023	0.8377239166699999
29.13821600796006	0.5401149346999999
29.142284116640127	14.146537470015
27.9693667028894	10.2720688456797
28.19410412169905	1.88513769027
28.986666972743365	5.86461604603
28.58132320263348	1.1427711855549
29.66591514380295	0.082623958644
29.414060824501018	2.3037821113097
29.625841411078703	0.017511844445
30.262970815234063	0.1802258217
29.86218895749124	0.5539848816619
28.779406240892932	3.9393125288169997
28.40609702244336	0.8476115788999999
29.901998100530083	0.10340213774
26.19973626317199	25.80298618686
27.224868730019423	8.304928646367767
28.06920009662753	4.7996580916900005
27.520474442542362	9.1620623116
27.05008641950837	5.17202656103
25.05833165521033	22.757664953984
24.829249521014486	16.687787419
27.443657130986022	1.0056684776428
27.267071483978075	6.4619779927
28.12203803209311	1.0289132533
27.87642814153573	2.935231936919
28.10568219052409	3.46730118149
28.182950493824148	1.0832872599
28.74331700645143	0.235900283
28.785355928183908	1.3874412333
27.1453425885961	9.2320516158
28.09489230334976	1.602649704004
28.867081646201086	0.075104832019
29.317237328894507	0.07162392088684341
29.561884763983283	0.073808430471
29.762814639273245	0.033944846199999976
29.31047334146877	0.15985258112999998
28.950639505606013	1.9957583994051
29.67450125829212	0.316476828845
30.154075695783533	0.0032285306961
30.232206042432342	0.2139858933451
29.70078399115498	0.2635761080833
29.669336544101796	0.18959310482
30.28796769464071	0.03868043443319999
29.808445393772523	0.10389089612399997
28.101282103309114	4.472747485299999
28.047218693656166	4.36373621717
29.09125913299901	1.123743890739
29.594400414570686	0.5919188277999999
27.24392401107412	8.46201407105
26.675773453828448	7.7721901977
26.58121910003325	8.235060818
24.93208491297993	19.91727705
26.230257855451395	5.68820163026
26.895284688934737	5.5221374168
27.911188149426007	1.28890573879
28.050159019116716	4.3753483568
28.200456506475007	1.902288203745
27.581913289921285	5.2134198894264
27.080586560667083	7.0616222604
26.684772999879833	7.1001268307
26.307153645154518	22.732857061
26.007209968068047	16.7936198954
26.573828742780627	6.97593660273
26.504092463253382	7.1139413886
28.17154900427481	0.7056355467
27.9485273993975	0.83681902529
27.682335537224628	1.3496294736
27.57339526842845	5.2758710965099995
26.869934533465948	5.8741743092
27.215132451085275	2.3525035588
28.06952880270219	4.227131238291
26.713167905564276	14.9480548238
26.098204198676097	12.6528620128
27.01859556401542	1.8804643058
26.356742999736902	7.4443231570899995
27.477902110265877	1.3833809619917
28.279219570312605	0.22719428109999998
28.544360579325406	0.5099475313999999
28.613610911902253	0.47163292843
28.61295179043152	0.87131484894
28.548448504581778	0.95602544884
28.949100779670005	0.5511552091
28.8929949911692	0.35859942311
28.014965759979667	5.74341190516
28.49180811944344	0.8837624146199999
27.871852750152858	3.1774565680999998
27.007945925832903	5.0996497815
27.835596230236593	2.768797423
28.486474378457945	0.96282474664
28.10256688751508	0.987704480045
28.082643812213743	0.40211759774499994
28.767838625491333	0.11842250915999998
28.303385746020933	0.36457031901
28.36057066472808	0.7910981825
27.775882815623337	2.979090833
28.521313834793574	6.494973253145
27.494557262228255	4.60145958
27.245875915131727	4.1767168423
24.39443619483911	54.1961056138
24.46176892860415	12.20852649223
26.932759669956667	2.9697585818751
26.860587240447174	4.621251679
27.282272994010434	9.3824912468
26.482033340962786	10.348591446
26.510386407186083	4.889164091
25.40967991420186	14.124901071
24.816888677235138	9.6656923
24.746430023139197	21.45692261
26.723585870839575	2.59524211106
26.056433095985437	1.4148526151
27.016382800186086	2.5151194116
27.11238463429574	10.1083852634
26.22419395450807	5.5997559146
26.01810387436071	10.18915328445
26.209083524229996	20.3192189016
25.86098945460659	18.9162739782
26.01426661091811	8.748578726549999
26.394172578162323	3.9543338328
27.143363875444322	3.29760409423
26.54344377122723	4.5420116646999995
25.493691428810134	6.5652257084
26.29486620452285	12.135778594
26.415955370447502	12.416268904
26.39464056775029	20.1300811154
26.429859317193245	10.04300653
26.04662293392525	18.746509522
25.172690331735268	14.50909967
25.613370258478064	6.3947639343
26.083401028639447	4.433876281
25.622969589620375	20.2899899257
25.225376748910275	11.514477487399999
25.69328148042576	10.772460552
26.216238835690312	7.70220463015
25.68380266174025	13.9362663486
25.49440001387286	17.300244342
25.105183521807852	11.038749781
25.84030180325865	13.30173918725
25.10572566316055	16.26067561
25.18965862293292	25.091778961
25.268483234579794	17.725022194
26.5960250815534	2.4278290518
26.07440434219978	9.472813414800001
27.15567524905839	1.2055691297
27.73099954544449	1.01609823073987
27.44570591927721	2.80517625324
25.00617064473272	20.9322257079126
24.922503381845942	5.0080205446248005
25.4207406774225	0.8865505419699999
25.533754275036483	1.7651952755
26.662834518000707	0.1562017109
27.067864373349227	1.457892365699
27.27157322634093	2.0284764342
26.62369265667253	7.56036842695
23.781049100558377	33.05709347329
27.124509281762265	0.88691710874
26.66634092198934	4.540545266
24.90173258893276	19.125627758
25.835922531315326	9.868919849
26.193188630481984	10.511461695
26.101342901582314	10.62656293801
26.747354633393446	13.65177629497
25.971911219117334	11.031445292799999
25.51008032040232	14.824445576
25.409742743748538	30.08776276
24.760505207889025	16.996156026
24.389120769084208	48.23692085906
25.86686815056157	8.201900759399999
26.12945785561593	10.0132521732
26.66893679503496	6.927420501
26.498548603118977	9.3476266119315
27.565682703289202	0.290990476101
27.851094562665796	0.6451588151548999
26.984902470867464	8.224546053
26.284822856528507	15.972384120000001
25.29900060619126	15.014597835
25.481582895294903	12.506782958
24.591163255532475	20.94693889
25.276211528918466	22.789638426
24.639600236551402	22.3048664039
25.608480391783548	5.0988976743
26.759458979125178	3.34791694347
27.231448502401786	3.1057559221699997
26.41181498662982	4.32308884234
26.133924365120308	16.494606812
26.046858626157526	11.149451758
25.633394642546854	25.292408131
25.289071602436607	20.0135389085
25.640676807677035	8.1783749174
24.447346478511378	20.813436585
26.3800173985723	1.38212367843
26.31050998078015	10.9957281231
25.8873154592001	7.9955160824
26.201895663706026	4.6281330195
25.68203480267812	22.05513286
24.856753041971107	14.754919756
26.323615646528566	8.956331752
25.68149033472008	20.735630233000002
25.79052612839008	11.100010165999999
24.03849444265182	18.322480038
26.17637405427982	4.3061983068
26.27371279766364	8.4165539804
26.033484574950666	4.434862749
25.378224468104648	7.3745660514499995
25.491818285516537	3.3710353192
26.0977164577572	2.98105104577
26.32612751725085	6.8160241893156
26.615043796277565	1.78595632183
26.21713050995347	6.54867512759
26.24348569901221	12.8753906511
26.08504956401041	2.6316449165
27.313050733802235	1.4249622744
27.562725173248214	7.921636117
26.34062843117369	10.3253960265
26.220149152351958	4.7275874520141
27.226023640078957	1.4601923454599999
26.94149263207222	2.7198333635000003
26.675717742955886	8.2944040189
27.000114086105935	8.443058501
26.330333846284688	3.7677362772
24.52449087668202	11.106379680469999
26.20518145051831	3.3166673018249
26.017074117984208	3.614792285
25.9547386522936	3.8138888720999997
25.699874862029777	4.8232249614
25.86499606329574	5.58901731306
25.458205040032592	6.3385099795903
25.874038502835443	6.9266856428
25.568348991836746	2.5010369801
26.00384103266192	5.8274269355
25.385707840779485	14.5877003405
25.546836718606134	5.3482219749999995
25.80419994244517	6.3075308895
25.120722026747586	11.098173697
26.11337786631927	5.2124627821
25.888938941283715	5.74489680435
26.7775434387095	1.08898718752
25.769967821646706	5.8006662619
25.298654733414878	2.7070026897
26.352520803275457	0.9770069309839999
25.275491034194758	7.0491505155
25.228671893249903	9.25351325713
26.283002686299714	1.34817287351
26.620267687911493	0.8808411748999999
25.500462793750224	5.612506312600001
25.108007478942746	3.074484227188
25.897324267911902	0.80843940172
25.354366673796996	8.0350936251
25.042874851491266	5.7405732875
25.540272398956006	1.1505782504149
26.458633410709048	0.632105768645
25.743503453027152	2.715640540377
25.46266937463791	1.8768981049
25.761518639684148	1.5605866849999999
26.57866533589423	2.330690009
26.759637854411682	1.1876076483
25.112755394893075	6.93326562
25.435653632802786	4.1067566622
25.701067241248804	0.8233331142
26.254306593492615	3.451976803128
26.195553811238955	2.5312553847
26.551313944207507	0.81174410781
26.752307225807698	1.3311784266
26.622203171106236	1.5006065198
26.930552935155934	1.260183732539
27.083867059016587	0.5573227944568434
27.592927014110774	0.01832842855999999
27.53577962877564	0.481873752
25.721917035050165	8.86317122888
26.183835737493506	3.5489304196
26.710637390037604	0.5321368634
27.214646057993367	1.08228586522
27.160458090079942	0.7326234113365
27.458672201253883	0.1259256513649
27.699310552427622	0.4975224793115527
27.374376548036036	0.43582097217599997
27.344563857921894	0.3255747240547
27.433626677412168	0.8822098444500001
27.502060520918924	0.6323918631725527
27.83714794980178	0.295090676999
27.821323616077123	1.306136702169
26.853475899406835	2.2471818917
26.21181112860558	6.9013502211999995
27.186274551002914	3.0556764205999998
27.047524625558317	1.2026093877
27.764617086342437	1.55487954936
26.935965465791075	2.603055838413
27.10727658415378	6.4943649825
27.621262581286675	2.058887673
27.639861813953136	0.48194266499999994
27.56355108179468	2.00756638987
27.67436602377467	1.2235492489
27.958030947703058	0.9372887136
28.102780697903096	0.25749207005
28.14870774089979	0.5392056051649999
27.841678675092123	4.508539487549999
25.410245364673926	11.719515755
26.111058937890878	4.1609958036
26.27938479886763	1.3366602389649
27.51045129307329	0.6522946043597
27.572188808942414	0.826060765
27.86627859866042	3.17337361945
25.822567738848548	4.3375981480003
26.186208129576094	9.042693907
25.428151087801858	3.8949616237907
26.465312501368025	1.553383495951
27.566114411024973	0.9861334425488
28.003678477833244	1.4950811588642028
28.160832006183476	1.595288507
28.441170302578392	0.73917382912
28.450152834613416	0.593864918299
28.243242704593605	2.7256235472239996
27.224885223597123	3.314369973592
25.68313451312442	8.2060008993
25.978899226838774	8.834995416861
26.553977274664938	11.806402137800001
25.345373271109203	15.4937535092903
25.51998879865619	2.73067651586
26.838518653112924	2.224052279531
26.7720700405626	8.134274928461
27.08281822701671	2.08318904
27.261068071730797	6.4091733743
27.787086519109984	3.12147412593
27.761466943032055	2.2744993523
28.05007404711996	0.9161770445149999
28.1997877528065	0.76796253035
28.35430799291433	1.2212693749999999
27.647773120391108	4.0105898697999995
26.18768327396452	7.1677595252
26.81612418666372	16.566537926
26.71346949582485	2.48849764846
27.37895205403027	2.5208160393
26.7881370643966	8.9845713088
25.850706794642118	9.116177632254
27.096540352636328	1.358311780081
26.94285917143094	1.3779997753
27.08983292561836	6.727024679149
28.126386767328192	0.932791821584
28.520470088789274	0.121521948801
28.67016380364092	0.81210732159
28.832025472603068	1.6850861358809999
27.00169113288691	12.84280918132
27.627343739764108	3.0295189780549
28.239062438683565	17.360708885
27.757024281133624	0.333618191302
29.13753986951476	0.00583366791544342
28.913308670723822	0.05149585235999999
28.32338561718484	2.2692133072150003
27.00603263045073	7.63759936999
27.0613113216243	8.013881830099999
26.86150862855381	5.779448175
27.75653927135783	2.07872988998
29.060988155440626	0.17159581065
28.393519571826015	1.827592034
28.630052222506343	1.5184774317
29.266895051009385	0.22890568142099998
28.791045374001033	0.6916342033999999
29.114015912786627	0.915506472154
29.587670842594633	0.056922435899999985
27.10957410747343	8.385004118819001
27.17067525372803	4.2388215548
25.635930735032375	24.8428714091
27.171364696396342	1.343303177999
23.098430646667794	95.71377126
25.78851654159351	12.529868677
27.655456488719246	1.27601363661
28.55929854943763	0.23927353274499996
28.680734798872727	0.06674288010189999
28.88321470959896	0.25842636839
28.59256983075263	0.28859078682
28.510811618250795	0.55623799601
28.863174615655367	0.09708863844559999
29.527388940130656	0.0041756438197909996
27.91681507251795	2.4540752678868434
28.043456602986073	1.9195884442699997
27.08346657212413	10.129740908930001
27.298525396295013	2.1156325995
26.256801307272855	9.796578405447
27.34344577154407	1.3816601349903
27.40921460722268	3.7618074492500004
27.28987396004819	19.65654952137
26.443270372477354	3.34293083372
25.128539660877607	16.6693379065
27.06615091685171	0.171381236381
28.40246662431074	0.9718783083451
28.452380492263632	5.7169284146547
26.575970099963413	19.39219771035
27.42830741406841	2.55370067143
27.753936349870127	1.79874156874
28.502859753496	1.0793097406
28.33032868628536	4.96711574636
27.91126258880941	0.854112210745
28.435265020382396	0.3047819706762
28.860045339947263	0.07297992830255272
27.614420666559294	2.94421746413
27.09544270553443	9.7321482359
27.0089588798071	8.51694046745
27.445056491435324	8.92001393822
26.502426282353237	11.5932822083
28.084343170745896	0.9505283027
27.487684129938653	2.4855155410226
26.735309717711292	5.5712070367
26.88922641785385	6.4394209532
28.335663558677435	1.17801129273
28.54877775956468	1.1732987821699998
27.975787369701063	4.7336350379
28.423836746840205	0.6014585561158434
28.30972341961569	0.71401595577
28.946396252371514	0.03758072829044342
27.714610401238694	5.5707662768
28.1393149352826	0.7484406246499999
28.40527646020498	0.364855697587
29.060384197912608	2.6471614805500003
28.87019018567357	0.380891567255
27.618840191127763	8.798420418700001
29.101878836112697	0.20647347060000001
29.167294095456693	2.06013915832
27.262094093881903	6.0553640431749
28.39059918664577	0.5192160667
28.23927659418394	1.1601185912693999
27.596603086931903	4.8345639939
25.206209273493076	13.2406613929
26.314428164928206	9.039383776
26.55335588079685	4.2037881681354
26.988818996206017	4.27948616415
26.98754246187904	5.664454809845
26.900071039190365	5.5213283521
27.15320363469931	5.271124811116843
27.94038198459593	2.1337323179000003
28.06337490049508	0.7491338833
27.085663426458044	3.2723266722
27.442060326901974	1.85067077552
28.423784355242773	1.519992967965
27.54060049752408	4.033380726977
25.868401012992866	6.9130234186
25.965751716876586	20.3586737927
27.16683771462079	1.28468051656
27.635482476115882	4.7278404057603005
26.541617407485006	16.251086405086
26.11161031740632	12.6423268772
26.38375075401916	13.273123521
26.3753489782454	15.1638753506
26.027854819167185	21.480994526
25.466271586854415	17.42149210957
26.64171065642504	3.2827127578
26.02350866270652	12.00482433833
26.345793046241294	8.5564117914
26.20365052842487	8.848040653
26.68823581200782	3.9130180553
25.907051724359995	17.957053042000002
26.32528334851339	9.2467546526
24.12266354275935	96.4303492028
26.256998708471784	4.16195414526
27.21848181468109	7.257041309000001
26.586418478340306	23.2715348367
24.746439826280607	13.897281180499998
26.304947937042552	3.8950741100000004
26.927495654509727	4.194378835389
26.62686480934194	3.61636390626
27.63363234798155	1.5402618912700001
26.653540978513185	7.283855507899999
26.161782227616705	7.8669349923549
25.88719278747205	8.279965845581
27.338139770885906	0.7794536705999999
26.76981282360321	2.02478174125
27.825319057367466	0.22067246521500003
26.76056246496475	7.7222131495
25.03384537180164	11.6941476347
25.118249301621226	15.862159949
26.384042914231813	11.298996836645001
26.33388055197306	4.1307501600926
26.45083430553516	7.43285870164
25.93403443329984	9.3444270014853
24.342954399684558	28.242478164
25.662776770192362	9.326956426356844
26.37440154886623	1.8996573974
25.454284017605833	5.1485404362
24.925272330252238	19.16188659
25.47441115203746	4.7999491962226
27.100241220685753	0.5867883626097
24.592652406989387	19.016190646
25.150682631215574	11.4945843324
25.330609280745122	9.685172075599999
25.036083060625188	35.25018985697
24.646865173222224	24.54180951
25.60465557262479	12.274536619
26.166378768035663	5.595199029
25.290103726968944	23.560902491
24.00645857749315	45.4310348
25.102434205801448	10.261874785
25.929212218213795	8.909386601
23.725169035525912	29.148768099999998
25.492684752714045	2.676758091285
25.922943420195587	5.297545328476
25.04466300611933	9.3594317164
25.428953415158695	8.055133874
26.80837120069606	5.8456938077
26.67857914506161	14.3794465225
26.426006575892227	16.002084712
24.460255346934957	30.5087467146
27.037372153214484	1.6600303469
26.279121937703486	10.982731483999999
25.49056695509693	36.109975564
23.516207184424125	58.62203459
25.222389231762456	6.337657566
24.79804584222785	13.478762652
25.247771271170784	9.347683973
26.583152307630602	5.470516508
26.896346902536543	7.143783750130001
25.635954153613007	26.7631074476
26.680536119763612	14.362733169
26.164721140967703	45.159950676
26.175121767220414	11.765570631
24.418127136284454	44.403476925999996
25.32705645552825	14.16800094834
25.097420287351223	15.211099069900001
25.799094128997876	18.91320339183
26.40411877794533	18.8647551315
26.842392685341355	10.137734702
26.388846595271662	14.830861243
23.86610630865114	29.0628205
25.677715537242328	16.6516371
24.182118612045016	19.18058204
25.27541570893182	25.89850899
24.83822815123472	32.2841759
23.98514795612293	39.59148747
25.117940322680695	7.2797284095
25.92838150325565	18.357029669
26.657971029204006	7.54310683725
27.34794243087064	5.1846627409
26.891258920509618	5.22191374631
27.562363722443738	6.8310383449400005
25.93793447750709	10.9314610393549
26.254594708166714	12.8605850311
26.72339942765409	8.8788077426
26.635891300888265	12.8828228527
27.78630327245311	0.90197491858043
28.244164723366445	1.3002958116452001
25.905066766930002	32.092861678
25.628780386386193	31.09880531
24.198824795470458	81.8990126
25.63742024059707	23.16284243195
26.85505894671136	5.4849453318
25.59969883322807	14.003229809594
26.33562336558746	6.77268357
25.92933101353972	9.753059225645
25.825962683723027	9.45584100068
25.07181577921887	4.6024650260737
24.61496083913378	10.9053996599
26.987691027135504	1.3590898252999999
24.639870174524685	25.294307268
25.414347405595635	14.701213812499999
25.049557776469815	20.998745119
24.102841123048943	27.825437689
24.880931558773558	16.425618926
26.400432648543593	9.71856634255
27.486178825664023	9.905123227645
25.133412693070515	19.613095688999998
26.570420094710126	9.577792534775
26.355184910047463	13.629274510753001
26.98055402835131	7.0138588831
26.622219099576782	5.88942094988
27.02170765295898	4.1326564042000005
26.789037062139275	16.266036466550002
24.87137579661024	12.296831556
25.4405794322568	17.856148695
24.933995839045462	12.80389731
25.018004479970145	25.096362125
25.656308389575663	6.7896426273
26.820235198011986	7.2108201708
26.88017447612372	4.6816430285
27.38575422608661	1.28937680113
26.811559890220945	4.52813347531
27.32736479920521	1.4847144507999999
26.48874853121203	6.31860420981
25.769939253001393	5.2730576407
26.153240269624046	3.1231202346
25.88385966162466	7.00722040395
26.85917639572449	7.5113281633
26.175304613295246	7.651634522999999
25.753538259708044	17.602191854
25.407293565883855	2.669196561
26.048546888860848	2.66770779853
25.74707484309953	3.55924664418
26.498434105577942	2.51530405807
26.92084838213629	1.4418122496999999
25.314782491218754	4.9457697568
24.908979524368842	9.735177785
24.406138343602997	10.95175795307
24.84356880150967	5.7594377493051
25.2625053350653	3.3629667583000002
25.316751047330197	8.99069350915
24.727390924527473	7.7653080357299995
25.806864040097487	3.111930196
25.584982064092763	1.371150447
25.360328901046113	5.5657572718
25.5909377338665	2.95387357187
25.00106130972423	1.8559768726449999
26.12825459797423	1.96267882676
26.256907886172765	2.1726317677
26.222151275135513	2.3262294261
26.57023825965761	1.3155970715
25.855712719496594	2.6448458551
26.056864043386295	4.18593134875
26.228733511802588	2.417061493
23.813780025315783	14.100369697
25.211602151760165	5.422688806
25.40441288941197	7.089365247177399
25.396618725944922	4.8283561753
25.479673750604118	6.3159778349
26.225291336332596	1.18980369904
26.44756171075692	1.26138442317
26.075392074414463	3.229955507
26.376922054803288	2.0933985684
26.290357324649225	1.3638623117
25.913616705521807	10.462971349545
25.393115395117885	7.0808230346825
25.23375569389545	5.04302867638
25.826229357711735	4.04405444157
25.57700720262821	3.5329621294068434
26.230990489487873	3.0368831093199997
25.07508961422293	7.91632007804
25.20202455416521	8.7068822141
25.449118043441825	1.9531540207
25.244271117269545	5.1648841002
26.14304569746473	0.659437482749
26.297930459468496	2.8101242749953
25.922695237496562	2.9547102769803
25.98739172379837	4.9544275167
25.96458079209014	1.9949034320399999
25.976849660654594	4.16342386927
25.67687004213387	7.61580824182
25.410646703931672	1.21946817896
26.3756877913777	1.54765134932
26.512197614804087	0.6872876766149
25.863534917498544	3.723078233486
25.563836822235942	3.4310929889999997
23.893900162129025	6.9441799733
24.519034336626188	16.854446455
24.795666157767396	6.7731664114
25.538715373382804	4.617698456
25.496752533280645	6.00584145
25.282958142467677	8.930791911070001
25.971621380638844	2.2777117848545
26.317597220793733	0.727332377817
26.763151719831818	0.47746822467489997
26.976338673919134	0.21788477909999998
26.831575854133565	0.2574105569
27.332090357050795	0.08317232179
27.017175677427414	0.33435004307
26.826638318857196	1.2731730889
26.997531047475263	1.0694265361
27.272644246755956	1.0791123025
27.047110502193004	1.16769970316
26.224490454044734	7.0539504545
27.192483402462624	0.518204268119
27.457186570070782	0.562660388724
27.248754579621682	0.6876640042900001
24.73629622134008	1.95406750163
26.304169116350856	3.1537965153
25.857614667565965	4.5923590399
24.641440669341478	10.993518641
25.04836538989294	6.5926537148
26.445761956999515	1.1060260276
27.206268193997133	1.0607147935
26.621625961127386	4.3124421515
26.19877104566753	2.31718646644
27.631725006544944	0.6590709123799999
27.875522282517167	0.4482269294
28.13849854405886	0.10807812286999999
27.960106803614305	0.6857901839
27.744555184150602	0.8027955761350001
27.5414399278899	0.94358028234
27.497117620809604	0.8025293209575001
27.84851486917134	0.77971926042
27.815144772649155	0.15892982457
28.24323750168338	0.29756948489999996
27.626810508411275	0.7165163892
28.07289699432004	1.3189658445549
28.183245997033147	0.5308858981197
28.414688348006344	0.684049735526
28.785729930273384	0.488551714269
26.230705546206213	10.4905813974
26.91821095682542	5.1813200373
28.014863741762678	0.638023343965
27.89395430570933	5.235508866699999
28.36667971042286	0.2804957316447
28.50255525375026	0.7113933592278434
28.379364730936338	2.7106404253
28.329906905873074	1.2842022047869928
28.52612127609215	0.3873109812
26.820748332619633	11.04894418728
26.293253957379836	12.1951541213
25.35862683855063	14.94708099147
26.64697535427609	2.4519368807
26.207950766564597	10.6455676259
26.905832531623542	1.5832394214999999
27.23009800005969	2.244287752
26.273686902775964	6.994911156935
27.88123221427109	0.9270340162999999
28.09076342582512	2.0770087876
28.124460977051257	3.108195969
28.36877950378943	1.08978153509
28.586332672274967	2.4085283719999997
27.77746460028724	5.73098654371
28.485265748214374	1.52785178443
28.028605415136745	7.637292373749999
27.777920714221512	1.3216584994
28.4607409663397	1.22496783812
28.729145886925675	0.55731832169
28.618298025662583	1.61369145815
28.015653590674656	11.4956556444056
26.822316977241563	9.6114655503
27.690099807210437	8.33287234394
26.218306250656003	9.71099955545
26.844985842812914	8.1171729202597
28.112502095895923	2.1477474434725
28.340394718078553	2.43718917146
26.576399216690863	15.976975756119
28.452346443104087	0.14083459895
28.469125861741084	0.23986399545999995
28.99120456190262	0.392416117
29.24247422373772	0.091135500839
29.22349915844292	0.17747130753899998
29.48801495261346	0.11921496859999998
29.504901453349078	0.0045001507
29.50722150963509	0.0430196524
29.83897629383264	0.04491806019999999
29.40496016573113	1.79775734026
28.028232389552535	9.22585936047
28.920961733415965	2.49822732635
29.463291707348425	0.15398589032509996
29.257363864775524	3.6413758754
26.93035918398528	14.0798947481
28.320019549725856	0.5704641426879999
28.53405400755912	1.075727488081
27.253135076742687	16.623164611099998
25.89166750318244	11.4513515231
26.89928976273929	4.0783826067297
28.51106886402381	0.5568158072518999
28.56544053764931	1.309309155119
26.146350928305953	16.09668954447
27.312873333598656	6.7941740350336
28.011312973272958	1.373568175445
28.440828504937844	2.2312879264
29.15903454292217	0.04693269796499998
29.10348496743173	0.3425877527234947
29.050370590405226	0.9443033475
29.55969152507875	0.008031641866
29.953218583606567	0.0033652589193
28.916650779655445	1.1913735494
28.717489747088123	1.5286326531
28.59863186347317	2.2072077233
29.055005640690684	2.48648519726
29.636286258155813	0.02773748069
29.946908504474205	0.10254383016
30.140833335108162	0.10933726669999999
28.93887610662244	1.7998218449999999
28.753828640554733	1.4493495123
30.088972080782796	0.25598109037
30.05592984032779	0.04203915608999998
30.645790655691712	0.006246566550999999
30.430649023431837	0.12970268528099999
30.415821373385445	0.54905414516
28.380432131360585	5.0027407517
28.363464681225686	3.1450129942
28.918110998112823	1.3764575015548999
29.214333660192544	6.2632292562
27.5642859917124	14.152337746382
28.57632310327802	2.403719364218
28.82161240327213	2.074408544
30.06133470800227	0.2137631201
30.449735476026266	0.02152323715999999
29.6879175359701	0.309306383361
29.545702509521067	1.67661460456
28.16381883009793	3.68859178607
29.134116151320374	3.0702699586642
28.807861024904334	1.5356969161549
29.907932197369043	0.0302478308218
29.724674288118862	0.31127780566
29.818945855224424	1.4089003235568434
29.131686637423915	1.4901638061
29.32061189388592	3.1460434194999998
26.378667467831704	19.75426360038
29.83986214931737	0.276967879
29.678904100746067	0.02183318115999999
30.211445901361394	0.1331120726
29.163896596712185	1.8375853077475
29.42500057043245	0.45566558481799996
30.290758272772457	0.09851828427499999
26.13532785877732	15.760551764
27.22539023925076	0.73699690954
28.975486437578585	0.22014677273
29.6762261642697	1.1798475179596
28.552103389186726	2.276068528222
25.950874182988645	26.653053477
24.43581290204898	12.8857604576
27.148808411482666	0.2333886961128434
28.350887541970728	6.4588785816
25.98263842647337	15.734146638
26.653597362156486	6.87124783556
27.770573076955742	1.3701528337
28.05326655114161	2.6155214193600003
27.63700208176917	9.090039097263
26.968899219321273	8.40032582245
26.770586887003404	6.98942689493
27.17532457414121	4.39873492106
28.63526831905727	0.6129838537
29.229015802052565	0.4018904674283434
28.560019110170426	0.997593630599
28.56090068366661	2.59228426667
27.77926474871635	6.3327953662
27.372968024007214	6.97871804657
27.95832520369992	15.559043192739999
28.85211959083234	1.320645216441
29.602426965670002	0.0661595179979
29.558026090480702	0.3924542193308
27.940164442879	5.3405936714
27.607764416111543	12.79458668453
27.68359542956718	5.49674328232
29.308111940316834	9.48953312856
25.631667016727842	18.905045473
27.221149109479185	9.5870849867
27.161683502858704	19.2705249833
23.86581251500965	57.32810149
26.430353864489767	17.82621454509
26.974423815870058	14.037635349699999
24.51444416722961	24.0369103685
26.675437174353817	6.30128011462
25.712902765911146	24.865764246650002
26.42227800865536	8.63708848197
27.08432298015539	9.151896538799999
24.874652465321976	22.990964826
25.67023252460956	14.628659209
25.91465337775197	6.6460431828
26.36995977444846	9.3732982581
26.64087667849233	13.961692616999999
24.23503041124144	30.91854801
24.704550420814197	10.2846213675
25.659150529791148	13.7281529934
27.460728178555982	2.18955725397
27.010553251183232	12.0059475119
26.60171112042471	12.53547518143
26.975205999411045	6.420500571
26.928734276500336	0.927389041096
26.787805176743817	3.1198393507
26.272334320031256	22.779974084
24.814090761411656	26.932795791
24.63663301452939	26.848189415
25.278239738465583	32.247541708
25.879874918482884	19.93319077
25.317589085868743	17.954489782
26.533819560963018	6.9395855671
27.412326983841382	8.6800081952
26.232979567863865	24.5017549985
25.239599577052395	35.30903547
26.328287403612727	22.7847350912
24.819585739005976	18.414371865
26.045575352434962	10.7495928808
26.27069900169241	22.3273561811
26.99482864484786	3.3776625817
26.588463448310577	10.4605484464
26.467833544244538	27.836900647
26.018230912698527	14.06899522805
25.79082608820676	7.573466789
27.41706179194652	5.41513480535
26.370342302565422	16.6973308759
25.32801312915819	16.8141701444
26.542701625078763	17.016187396
26.812640146200064	6.2938630007
26.748638085762796	10.137695107499999
26.394741704287412	32.4485565633
26.257992790087822	12.1320824664
26.903924296913445	10.682608503400001
24.431471858363572	38.477256804
25.625881799728614	20.3177664
24.581886895620446	6.886485994
25.184329194315218	9.535711313
25.842870797252903	14.35562132
25.748695392681118	22.89293718
26.072340325345742	13.761799006
24.525798385577854	19.981180543
26.641345199963915	1.462170857622
27.228188174384364	5.6752536136907
25.073210932000674	24.556575067
24.406214433885012	12.682057795
25.90712697152942	3.830573722
26.65877133329653	12.7031367229
26.323967703436427	18.115873406753
26.697919307655322	10.693190172
26.000468807970286	14.10294989
26.939296819871604	9.6519738025
25.28913237215273	18.365059056
25.400972886952545	18.85243059
25.961646494311523	18.400003006
26.53253405202498	9.795672485
26.833441470963983	10.3459573502
27.25865008396915	7.061229661
25.964361526354274	23.302394796599998
25.955866374983813	11.622182989999999
26.042871936523863	3.9004937478
26.598662241807595	6.798427993
26.265078226404352	2.5551870409
26.70764456623878	2.74797906513
26.794266887304612	1.71342863535
25.67601249398274	16.9690448504
26.39805568871924	6.8225080174
26.66734838928876	7.158027863
26.598664939589288	6.1313919922
26.658237726946272	4.7816463065
25.186971559180243	7.984940019200001
26.021101773294774	11.6720610348
27.029087424592635	5.511154958
26.354722653874337	6.46090427977
27.083905420511687	10.847175954
26.24699724141997	8.8211037616
25.92039013935234	17.915762294
24.36674929942571	57.122361086
27.132919244344087	8.296932256156843
25.58586938068711	9.2108473461903
26.463776088697045	19.03486989065
24.074175450551543	24.61861815
24.450774856512744	20.415648425
26.079127953252407	10.607952283
24.142790455793534	36.391109329
25.906634929145778	11.4847421316
25.41958745552561	3.4915953324597
25.709412543097798	11.7390977455
25.28188959536088	9.643520426
24.88429571255159	32.02692834
26.23053289618398	11.308725343999999
26.38958706241609	8.328218003
25.693680131528986	13.9843875626
26.666321400231446	1.24012044725
27.34686125308574	2.01482229218
26.995524529206683	4.7987773563400005
26.91956003781083	5.1686689051
27.56108870308656	1.50818100353
26.59789954273307	6.140742494
26.473740447281727	8.446327475
27.01633450750221	5.6091464885
26.961490870576718	13.022440368
26.525199787216188	4.273709632
25.705633262666588	7.087171455
25.329266604426472	5.3818728968
25.505771671412003	6.62651092442
26.489555144762015	0.602635371439
26.70744006188842	1.9158698763348998
25.32812319923986	14.7203408725497
25.08000359146347	5.376861568384
26.307424697455435	3.8410942746549
26.176817306862286	8.24407234553
25.773977087458277	7.9307514986451
25.050664232038876	6.4493357331
26.208334454480234	7.4435916232
26.182124894564776	1.4232639287050999
25.64807368021528	13.694718478315
26.590375986438794	3.54767521979
26.67918612664448	1.7304487559
27.396388249797635	0.36679953097999995
27.08097348415976	1.16578116595
26.401819408136824	4.38067239
26.724128046834547	7.06601137011
27.428242923204948	0.9813188049000001
26.792736445497855	1.23883037667
27.30626221381341	1.3116709868
27.571703440336723	0.5446423278176
27.78307200772342	0.4220712987323
27.456666826700573	0.8850861417946
27.389287609127255	1.03754326445
26.838055477513088	3.0684066604437
27.075540941780737	0.7971853047999999
27.366418850756062	1.5275865713868
27.306244323958992	0.5606204214999999
26.98381573588759	1.5660107203
27.567142658683952	0.2164185057035527
27.38306243789898	0.5906914351
25.688286555830523	13.5575973086
25.230934444880237	8.69437608735
26.135709622200988	3.9790175639097
25.78058809910315	5.924578738419
25.338335333742325	5.93963310095
26.768903287075243	0.7573142606759
27.41533463304487	0.9707063494
27.3832705021172	4.1146681225999995
27.390238156385394	1.0015841142052
25.76532202899529	2.3809999331
26.29509568086095	0.14257431195
27.446011527434138	1.6521692483
26.565860591941156	2.71335244171
26.287994399399164	2.14428005197
27.120829153328092	1.51225434089
26.662644225902547	4.94191423279
25.650485394228387	7.4241049296
24.566831401546956	13.0668515875
25.096407145275037	6.9750003357
26.238774654701494	6.57287770602
26.837510372756995	1.3567203656
25.80099282070994	5.6498906906
27.088804274601753	0.5012929467768434
27.540776703763402	0.05229711489999999
27.437409312064904	1.3698339317600001
27.74393822071003	0.09706020189984342
27.893133651467053	0.20202994438
27.697093982639384	0.28186291459999996
27.66674415113366	0.68007931032
26.08660225188292	5.525512197
25.703854000992138	5.339357251
27.239418373366693	0.7944963803696999
27.90519895415106	0.566941502544
27.794438013677787	0.2653598775
27.678967834269475	1.13020613865
27.640673601541618	0.7177665887593
27.917884913107745	1.829997643
28.25300674976205	0.7735431213593
28.474651409082874	0.05897157297309999
28.210915458293186	0.2682208991
28.213292945452938	2.4686753901
28.357813768466958	0.3962278426168434
28.669010795452472	0.101417303099
29.244171800905267	0.006228685360000001
29.445807072373142	0.02824258140899999
29.07131779167913	0.6203204439249
29.51583636384952	0.07685422706999999
28.332884979226915	2.605285499
26.997187731067633	5.630679365911
26.495163225934775	12.53618311896
25.694767190329884	8.0890186062
27.265796176235348	5.885150208999999
26.657039130016916	5.92684745085
27.53452965303437	12.36769747944
26.968502990190586	8.9366179929
27.670755059693136	1.71964919567
26.587186633771147	7.972639195618
27.953711437898523	2.5091618638999997
27.981453445139678	2.362602202925
27.536556553456315	1.118436372969
27.713226347876464	6.5861791355
28.451248270502727	0.32093525290499997
28.588436228650522	0.20764171966359998
29.11767007664143	0.0883787867093
28.742337574311932	1.9125284662688433
28.65095492704431	0.86835883543
28.504340999522174	1.5916437198351001
28.631978903654854	0.6966385790897
28.74323271195917	0.01561045635
28.942521064980898	0.17505884385999998
29.444372503013717	0.22582709753
29.460662411734784	0.00787447063
29.46884887432724	0.47206878239
29.40225431480752	1.4558166292449999
28.80749147459681	3.022134292981
27.3439425979318	3.3146441319999997
28.922817682540575	0.8527785652000001
29.30375893393179	0.24448080525299998
29.248575197494826	0.5279987802196
29.585386783207742	0.10332882134570001
29.802067424403525	0.07657632226969999
30.304920403376414	8.583068422527137e-4
30.48184602078841	0.011333823119999989
30.075440975911484	0.6137303959
28.374689990645223	3.709666472541
27.984997396607714	7.16362826455
28.1351343695614	3.58106685382235
28.579675955962458	3.0934438017000003
30.336288694509516	0.13551115963
30.309612204036593	0.357210638761
29.802798536248734	1.1044752449605526
30.27334797242795	6.556511e-4
30.349934042081234	0
30.552336422424155	0.0823684438
30.48207384864702	4.41074381e-4
30.593177911448862	0.54352879326
29.67832495649393	0.853657723591
30.1023483845726	3.2515406936
27.315416563439754	8.830941406844
27.708558414631725	6.7241417798097
29.186441031802712	0.13214349918999999
30.103121550538962	0.09192138127179998
30.439713676516934	0.14280086812690002
29.480104678683535	1.2945801106819999
29.793194854479115	0.2018213266
29.907262018471872	0.8582025796
29.369075827640735	2.4953356040540005
29.49647458104964	0.8284144181699999
29.52764141548959	0.5772311188568434
29.02697997911329	1.5183762728548
25.34011860888353	26.1670602732
26.819408397009898	10.1969891281
27.77867143792127	6.5094493255403
28.552994944731605	0.680267818445
28.34612654590194	3.91038601418
28.436024424493628	5.66562490103
29.12582251446054	0.9558200799
29.13293935630992	0.6851852004997
29.748694410818086	0.04893924112199998
30.004087431838798	0.6823703681509999
29.134879185882006	2.28514148917
28.96199075543385	1.9238099516
29.975998728107115	0.5258768825088034
29.89982512339605	2.36148869354
29.98838292369198	1.4897391090471435
26.98651449568015	17.75842904845
28.614587614663066	6.281403126419
29.335679574066678	0.7855483130059999
29.846505359225628	0.08109891429800001
30.230352885951685	0.0045001507
30.856217135145645	0
30.09756120901634	0.5315840207
30.2064879738161	0.104713440279
30.058634188824286	0.007018446821
29.874941773857245	0.32563507202499997
27.717779573042037	4.04767841155
25.925419800578048	22.1227466905549
27.58604145105868	3.98214452607227
28.347924026247057	3.01489983686
29.20501135665317	1.675049973245
27.99025948352069	8.90982525264
28.775144071937603	1.1077933040599999
28.96193830590564	2.914056522413
28.37833019353601	3.30735666575
29.343459969224934	3.0420246685452
28.464961468877704	3.0368119445999997
27.50138085906337	7.614079928372
29.0646306510827	0.1884780825907
29.970024278025747	0.642541058179
28.958109594932147	0.393240340875
29.746337025128867	0.929547628961
29.15065429263634	6.0599156735
27.860289755737305	6.2877945137
27.311993702453748	8.730649215056843
28.830644708598424	0.6130486736
29.57186319649841	0.9481627662
28.113668629042827	4.8717208268548005
25.99498616471449	18.46791958
28.1740890548612	2.149364818644605
29.012533765967373	8.799451057
27.506480666143748	9.2715528895426
27.263347724017578	4.89987107567
26.898568656256405	12.03763901
26.750832009908937	12.2903005148
25.604500018790045	21.1326266855
25.883416467925535	6.7871615291000005
26.043220844799496	11.477010898854001
25.923363564967236	14.0867749993
25.528216102306867	15.2393001554167
25.758775133379157	16.93756754228
27.143396168828712	2.9939629001999997
25.946030626286873	17.6569029569
25.824780033591345	5.8051525892
26.436291064166706	0.20807385582
25.75546377705647	3.98591758604
26.26375649724733	8.88027547685
27.787676613700253	0.1754641551
26.443834075794197	5.7648010116
24.37220182527187	14.51965535417
25.719684258180845	10.63341015102
24.674122150578103	19.716990775
23.822664936760876	20.918320839
25.974883800751474	11.339543998
24.826657626410213	13.23394781
24.0581310684849	32.46489348
25.498774090338618	10.1079945138
25.53144214668348	10.4361504108
23.477063215252677	75.1551022
24.657098256245828	32.55900741621
23.743580252585637	46.710201663999996
26.242243768853086	3.8641374823
26.527839079094065	11.4195288154507
26.884947782570546	4.1188013187
26.02914208591542	16.5735482214
24.919749316790064	37.361846696
23.991325541417268	50.67705911
24.501979690416377	9.72273328
26.64720173154882	10.3322445731
25.29422648974302	12.637275376
23.65547171399097	82.13937463186
24.009435886861226	32.43567925
25.53265154842343	4.10814207898
26.46661067804356	4.33111300985
24.843610935711197	13.713032328999999
26.730371782092025	2.54956186817
26.920940691740256	5.6276582524
27.51490831867621	12.002452571700001
26.446649211081528	14.5155564058
24.92060030032239	19.6319952138
25.505476849009234	25.6076497117
24.267883439403516	34.619048350999996
26.12978682294925	8.1223576886
25.916942427729335	4.8299357948
25.552441911157143	12.0590404189
26.07702902773479	10.0857205950897
27.359089070063245	4.25963105435
27.347848187447326	3.1287141077
26.692042536362532	3.900177734
27.2362736954636	11.032858537
25.474248394436707	24.24520684309
25.90645571766276	14.594087873
25.897087147317237	17.54393803
25.318351547363882	16.588292258
26.619897775775925	4.8659249716
26.504923938138646	6.215809960945
25.573383734772705	15.872886963000001
26.459185951356986	4.405927653
24.026624594297267	55.02123899
24.07238276690819	14.792061663
26.304497831980264	2.81340179
26.045989844604506	2.60002090868
26.35414278008231	11.0502899887
27.794040851639252	1.011648775277
27.033719019099113	8.341859222
25.61002477470554	21.9896280133
25.54940624941892	20.135266189
25.706573065843003	7.49570126
24.106492240887857	13.4129463202838
24.84646243920298	14.61203753
24.061519647174123	33.042669452
26.354228527341764	7.770145427368
26.242344908989573	11.690936934
25.833465732493412	8.393741463
24.85406710694107	20.0004720303
25.32950529278138	16.166951444
26.199245363241257	4.878394298
27.669961249201723	2.2306740195
28.484351365891335	0.23442724679000002
25.987574330403906	18.907641073
25.39607104020979	13.9980847817
23.44245952974822	23.58080516
25.29005568824462	4.8238672456
26.12753451590874	7.09469393113
27.37598361372189	1.324898513
24.258187852811083	69.1917158463
26.04346937126431	3.88335403696
27.269631263404328	1.6246137754
26.855009156166815	8.5451715056
26.146938540804843	8.329432477000001
24.328277091672597	11.9688660806
25.685003125506476	6.602749198000001
25.21793722295486	21.5255994836
23.388720603293784	55.853184036
25.921920359175353	2.165124155
25.57570445919413	11.83718764945
26.472575454397372	1.3366441981526
26.427618415150725	6.861086922
24.95988215482906	37.00100381
24.49222435815838	8.526651419
26.135420648764384	8.1427831942003
26.822930082393558	3.3021047654999998
25.2746464007752	14.90461197
25.802225428058765	11.494978414
25.548770524077792	28.84236312
24.954292861538043	15.742176176000001
24.705292499954243	27.70506377
25.06718107138373	11.835014748999999
26.08979122257516	3.69994868396
24.598586538071793	25.287583016
23.6533099672576	51.10764326895
24.161532380008207	2.21309364296
25.716845499047853	3.5807263133
26.16251324333884	3.56804237756
26.73397627537082	1.019531478665
25.820440528502818	14.379984826000001
26.509727925331532	7.43929308966
26.23378030709549	6.5461137747203
25.65256692400518	9.300916674
24.879136131635537	10.47716251
25.72659993775825	10.4214512092
25.681554874070684	13.458409315
25.466456458691205	12.480373639
24.16898822308014	43.23229555
26.425144614060745	8.745862606
26.622363488051654	5.03339247355
26.099013308624432	5.15498142271
26.490433401473673	7.2326392484
24.446365585297784	35.20651891
25.001526435037576	14.530602385
26.505072835459544	11.365135623
24.726007729594485	21.2636067182
23.781909862596645	46.451236970000004
26.484114737338384	2.16694847775
25.70712819324107	20.712530585
25.85482267892734	7.56848009
25.499428015711118	7.7727094055
25.02722652446991	34.527038866
25.322732249216912	26.372378101
25.24653766116972	4.3334676499
23.927355910523914	34.1834775
25.32375041667922	5.397006893448
26.691624057014284	5.830777459440999
26.822662303036058	0.8038334540300001
25.415576302204883	16.4510216479
25.07622016022544	14.2407398173
25.88094606192184	9.9678081515203
25.390865223016494	8.963467097
23.361139325583046	32.737099736
23.977414087422197	35.16456224
26.464201383641978	14.59658717639
24.763150616830924	23.656050356
24.065504325795242	26.504454549
24.40602778416476	18.53081582
25.60906413047376	3.5457148963
26.16888926876606	6.8094521687
24.326981885117505	27.97055236
26.2228466681344	4.3205171838
25.623156763787925	14.768373672000001
24.62760534957706	19.70064450715
24.548063160897197	19.12223001
24.96683139085563	7.728462627
25.65825875174716	2.0788759205
26.048004141143103	1.50657966635
26.254528044008467	1.919149889749
24.95123418706022	13.39141721055
25.662193778260097	3.04193141781
24.779533403649218	7.4767507295
25.21111764125673	6.9804640466
25.7308567853357	12.696323564
25.46999317830957	5.7167523110000005
25.47977435769755	7.1338988905
26.376437571032127	8.3820537266
25.762910964442177	11.085332504350001
26.54833006717122	1.41032897365
26.817889897971718	1.4230795181597
26.43724230397403	2.9963091202
27.834116259305578	0.7887929657999999
27.24439154465346	0.00155270095684342
26.566233801003502	0.5718089728
25.97754838453895	3.7400714569
25.818247316223843	3.686274598
25.590234793744933	4.795793441
25.820837074938293	3.542382284
24.911471320915247	6.416886088
25.864874687621175	0.17599761366
26.46230517058181	4.7449059912200005
25.643561652393398	11.9986804021
25.045134971973187	8.80770392317
25.695080495424545	0.9144134838
25.360670673670786	4.9866505187
24.731949208460083	11.700040984000001
25.652699149187903	4.839280225
26.531859969782506	0.6466947494599999
26.791589631302855	0.02166926853
26.872112063971738	0.00668690339244342
27.121952302421082	0.5819104614
26.948931302934415	2.7053087357
26.73659225380152	0.56066655396
27.41325861231	0.296326731001
27.18028425232567	0.6025843407
27.648670087731304	1.8063318442499998
26.070262187620266	6.1745915216
26.077210831618395	1.7495825817
26.01596835948281	4.3247290148
26.488530194709735	3.2157264416
25.56085323239431	1.40302421352
25.38564712369411	14.5293509985703
25.72084239805337	3.6046839947000002
26.77338134096136	1.0584257384
26.96381073981663	0.66279620075
26.627831019843935	1.428331183541
27.047051598179472	2.20219841682
26.821809707051834	2.78286640235
27.626546910793778	1.34951219959
27.243484471427866	1.1793374924
27.166691637797566	2.893586176
27.22253191214805	0.99135340077
27.32595970409907	0.4453003418
27.459077813472685	0.04616379736
27.64224786943879	0.05218982677904342
27.595158226318595	0.9578919416889999
26.227543048929988	14.039311456
26.100803694234894	6.1799690026
26.437499122217936	2.52878441929
25.962179934986292	2.8736174294
27.059633403509242	1.1073088871299999
27.09890656628898	2.22595781375
27.688773785172934	0.19540787045799998
27.71398416863436	2.716854152738
27.320193925989358	1.95789932416
25.768309517617357	9.1876982237
25.633933471647495	11.747550021
25.109478429049577	12.34933624864346
25.30822157288025	1.51571445143
25.647668129943618	1.2254059358
25.626792765963877	8.6802380947451
25.83973802090198	4.83875282172
26.28253635064779	5.5173147094
27.069677927341147	1.882774383861
27.60149084560203	0.0928938353
27.83403755381443	0.178940295091
28.15830150525079	0.0156730780614
28.322084243023305	0.007867812946
28.244838583970104	0.04334151685
28.15274889499803	0.171000509405
28.010647678592992	1.1980995625349
28.37984345179948	0.6903052425709999
28.16272333141333	0.52606538781
28.83718542193965	0.23172434685999999
28.84877207053605	0.8296310997
28.70080585078382	0.40547849013
28.652437741334456	0.3622472247
27.621426074434183	1.3549983591382
28.14067617215024	2.2262349863083
28.841313804693616	0.878147789845
26.507625947591645	10.4865879854
25.800794245053762	9.86148787172
26.481926617779703	4.4508836850778
27.40861887778775	3.3294633193
27.78151454587864	1.36084184465
28.457686709878846	0.43554529490099997
29.006571765217448	1.1650949815390002
29.071150366273923	0.6765574179
29.010592379419958	0.03837346953999999
29.65091234912759	0.00433325759
29.45620827517426	0.2642169627093
29.77523905321695	0.00631737528454342
28.884002968862724	2.063017576230803
29.261367773539703	0.81917047756
28.14048705432283	3.391765126
27.431084231615138	2.1504640811
27.957442459082117	2.3797094866
26.96618860728096	5.9861927905
28.13571416435812	0.6551325313
28.982998779723026	0.06847381490039998
29.84319979066619	0.012713670829999999
29.759225753154574	0.04441142126999999
28.680930941987448	0.06479024829999999
28.555948647568364	1.5424232846700001
28.993844512698164	0.1789122806
29.521335795588627	0.8018314814599999
28.632634563620883	1.4884024864
29.26053743658356	0.2513259681
29.756376342425884	0.61227381006
29.324007187495972	0.7883816952
29.459340005756005	0.5704712170299999
29.53997298028933	0.660216815113
30.11070660594004	0.67869722686
30.397206687040605	0.213372706549
30.365040435244914	0.05214214225999999
31.528836995009602	8.523463e-4
30.79285841924577	0.1249909382458434
27.368180804257374	5.2985787505
27.317383606473598	10.74970805475
28.589838101257413	2.7559362207997
28.882268752104455	1.521948388818
29.301606977791767	0.13142228171999998
29.563140204622897	0.5902797003999999
29.858913768405277	0.7580667869458434
30.450156556774612	0.07964163512119998
30.587344550180298	0.255078081205
30.733272714439945	0.03659427164259999
30.23188389976616	0.84111616653
28.960145661152737	4.508295286
29.13663769321219	1.0381511985568435
29.136741165072728	0.75393877427
30.121811231177496	0.2941489147
30.776078268918475	0.0018209218
30.54181650552662	0.15076598339209998
31.04605582625081	0.00417754059
30.70578171612966	0.055236370593552714
30.173459846249703	0.424564670768
27.969718404932216	11.439085063
25.252547363236737	24.73715638756355
28.68229568366062	0.26744339483999996
29.855324568899587	0.0025830804326
30.190904253700722	4.35113801e-4
30.04821680313035	0.02524554665684342
29.060993911884335	2.246410761484
28.867303151353134	5.7412880867
27.5353865150827	4.22984513526
29.54267401190063	8.62777141e-4
30.712052331534668	4.3511385784342e-4
30.427556815779443	0.0146729363915
29.49110201666239	0.7118709419
29.20009526654696	0.9560726603834
28.940185742420937	5.880091429
26.914544013129134	8.16315792833
29.225341016129114	0.171189602619
29.361400904757122	0.54074823088
29.742643432090293	1.8564015655000001
29.626718995830274	2.43280829409
28.120964559970847	5.7025457049
29.827224981712945	0.03814301360269999
29.105171155833993	5.2693085889999995
25.599425454880066	51.3869005
25.79879289663869	14.3186183033
27.956228699342553	0.70575736627
27.121977766666834	16.7409315833549
24.595726916349324	50.23977762
25.52075939435647	9.062713262800001
27.120654068087166	1.924924533955
26.020162179372047	30.57102374276
25.40088098063161	7.99526463496
26.65090906813001	6.9990921459
26.099690584513063	13.213669680399999
25.520060622887378	14.9734933736
25.774693348791306	5.73281585852
27.011610033857636	2.96137629159
27.340296699604338	8.70989945353
27.65433610310017	1.748753338
27.391590274239153	8.56466736895
28.519874999289023	0.06897449502999999
28.519896719988836	0.2639714606
28.09857757381546	4.4770184743609995
27.468364668364377	11.14099830006
27.20817365541348	5.39365712074
26.40413461224598	1.7972528978
27.884070297251895	1.3857185807699999
28.45517222450302	0.34073740293
28.167279852739075	1.0470639727436
28.46110177092149	0.8269876252203
28.830662986673527	0.0042998144298
28.887699177645448	0.001726784821
28.15332344886469	2.105378717819
27.63772184172856	6.0485128303
28.16967146509024	8.8839307669
25.809194089190274	24.139386764
27.022594171818398	9.976642171
27.51424280258345	4.5033838271295
26.900992911412224	7.7603505270349995
26.178494981113342	6.80173567055
27.60023367299122	1.2511315760500001
26.51188104612882	6.74491597437
26.70723023152741	10.0552732004
27.41309143501406	2.15122995476
28.01139706235597	0.53420961075
28.437636247415227	0.84543227671
27.94053351216532	3.48461868387
26.738310907687236	5.8025921975
27.07521549605778	2.2325367104903
27.220787479995717	4.8909119865
27.320254111773284	9.948041809300001
27.64824339741189	2.1552130621
27.596163888056402	0.40558278512999996
28.006044654364548	0.46653369245599996
27.37061289647781	5.2223113388903
